[1, 6, 8, 6, 3, 0]
[7, 1, 8, 0, 9, 8]
[[1, 6, 8, 6, 3, 0], [7, 1, 8, 0, 9, 8]]
make starting point[1, 6, 8, 8, 8, 8]
0 ====> 1 [1, 6, 8, 8, 8, 9]
1 ====> 2 [1, 6, 8, 8, 9, 9]
1 ====> 3 [1, 6, 8, 9, 9, 9]
1 ====> 4 [1, 6, 9, 9, 9, 9]
1 ====> 5 [1, 7, 9, 9, 9, 9]
1
2
3
4
5
2 ====> 6 [1, 7, 7, 7, 7, 7]
0 ====> 7 [1, 7, 7, 7, 7, 8]
0 ====> 8 [1, 7, 7, 7, 7, 9]
1 ====> 9 [1, 7, 7, 7, 8, 9]
4
5
2 ====> 10 [1, 7, 7, 7, 8, 8]
0 ====> 11 [1, 7, 7, 7, 8, 9]
1 ====> 12 [1, 7, 7, 7, 9, 9]
1 ====> 13 [1, 7, 7, 8, 9, 9]
3
4
5
2 ====> 14 [1, 7, 7, 8, 8, 8]
0 ====> 15 [1, 7, 7, 8, 8, 9]
1 ====> 16 [1, 7, 7, 8, 9, 9]
1 ====> 17 [1, 7, 7, 9, 9, 9]
1 ====> 18 [1, 7, 8, 9, 9, 9]
2
3
4
5
2 ====> 19 [1, 7, 8, 8, 8, 8]
0 ====> 20 [1, 7, 8, 8, 8, 9]
1 ====> 21 [1, 7, 8, 8, 9, 9]
1 ====> 22 [1, 7, 8, 9, 9, 9]
1 ====> 23 [1, 7, 9, 9, 9, 9]
1 ====> 24 [1, 8, 9, 9, 9, 9]
1
2
3
4
5
2 ====> 25 [1, 8, 8, 8, 8, 8]
0 ====> 26 [1, 8, 8, 8, 8, 9]
1 ====> 27 [1, 8, 8, 8, 9, 9]
1 ====> 28 [1, 8, 8, 9, 9, 9]
1 ====> 29 [1, 8, 9, 9, 9, 9]
1 ====> 30 [1, 9, 9, 9, 9, 9]
1 ====> 31 [2, 9, 9, 9, 9, 9]
0
1
2
3
4
5
2 ====> 32 [2, 2, 2, 2, 2, 2]
0 ====> 33 [2, 2, 2, 2, 2, 3]
0 ====> 34 [2, 2, 2, 2, 2, 4]
0 ====> 35 [2, 2, 2, 2, 2, 5]
0 ====> 36 [2, 2, 2, 2, 2, 6]
0 ====> 37 [2, 2, 2, 2, 2, 7]
0 ====> 38 [2, 2, 2, 2, 2, 8]
0 ====> 39 [2, 2, 2, 2, 2, 9]
1 ====> 40 [2, 2, 2, 2, 3, 9]
4
5
2 ====> 41 [2, 2, 2, 2, 3, 3]
0 ====> 42 [2, 2, 2, 2, 3, 4]
0 ====> 43 [2, 2, 2, 2, 3, 5]
0 ====> 44 [2, 2, 2, 2, 3, 6]
0 ====> 45 [2, 2, 2, 2, 3, 7]
0 ====> 46 [2, 2, 2, 2, 3, 8]
0 ====> 47 [2, 2, 2, 2, 3, 9]
1 ====> 48 [2, 2, 2, 2, 4, 9]
4
5
2 ====> 49 [2, 2, 2, 2, 4, 4]
0 ====> 50 [2, 2, 2, 2, 4, 5]
0 ====> 51 [2, 2, 2, 2, 4, 6]
0 ====> 52 [2, 2, 2, 2, 4, 7]
0 ====> 53 [2, 2, 2, 2, 4, 8]
0 ====> 54 [2, 2, 2, 2, 4, 9]
1 ====> 55 [2, 2, 2, 2, 5, 9]
4
5
2 ====> 56 [2, 2, 2, 2, 5, 5]
0 ====> 57 [2, 2, 2, 2, 5, 6]
0 ====> 58 [2, 2, 2, 2, 5, 7]
0 ====> 59 [2, 2, 2, 2, 5, 8]
0 ====> 60 [2, 2, 2, 2, 5, 9]
1 ====> 61 [2, 2, 2, 2, 6, 9]
4
5
2 ====> 62 [2, 2, 2, 2, 6, 6]
0 ====> 63 [2, 2, 2, 2, 6, 7]
0 ====> 64 [2, 2, 2, 2, 6, 8]
0 ====> 65 [2, 2, 2, 2, 6, 9]
1 ====> 66 [2, 2, 2, 2, 7, 9]
4
5
2 ====> 67 [2, 2, 2, 2, 7, 7]
0 ====> 68 [2, 2, 2, 2, 7, 8]
0 ====> 69 [2, 2, 2, 2, 7, 9]
1 ====> 70 [2, 2, 2, 2, 8, 9]
4
5
2 ====> 71 [2, 2, 2, 2, 8, 8]
0 ====> 72 [2, 2, 2, 2, 8, 9]
1 ====> 73 [2, 2, 2, 2, 9, 9]
1 ====> 74 [2, 2, 2, 3, 9, 9]
3
4
5
2 ====> 75 [2, 2, 2, 3, 3, 3]
0 ====> 76 [2, 2, 2, 3, 3, 4]
0 ====> 77 [2, 2, 2, 3, 3, 5]
0 ====> 78 [2, 2, 2, 3, 3, 6]
0 ====> 79 [2, 2, 2, 3, 3, 7]
0 ====> 80 [2, 2, 2, 3, 3, 8]
0 ====> 81 [2, 2, 2, 3, 3, 9]
1 ====> 82 [2, 2, 2, 3, 4, 9]
4
5
2 ====> 83 [2, 2, 2, 3, 4, 4]
0 ====> 84 [2, 2, 2, 3, 4, 5]
0 ====> 85 [2, 2, 2, 3, 4, 6]
0 ====> 86 [2, 2, 2, 3, 4, 7]
0 ====> 87 [2, 2, 2, 3, 4, 8]
0 ====> 88 [2, 2, 2, 3, 4, 9]
1 ====> 89 [2, 2, 2, 3, 5, 9]
4
5
2 ====> 90 [2, 2, 2, 3, 5, 5]
0 ====> 91 [2, 2, 2, 3, 5, 6]
0 ====> 92 [2, 2, 2, 3, 5, 7]
0 ====> 93 [2, 2, 2, 3, 5, 8]
0 ====> 94 [2, 2, 2, 3, 5, 9]
1 ====> 95 [2, 2, 2, 3, 6, 9]
4
5
2 ====> 96 [2, 2, 2, 3, 6, 6]
0 ====> 97 [2, 2, 2, 3, 6, 7]
0 ====> 98 [2, 2, 2, 3, 6, 8]
0 ====> 99 [2, 2, 2, 3, 6, 9]
1 ====> 100 [2, 2, 2, 3, 7, 9]
4
5
2 ====> 101 [2, 2, 2, 3, 7, 7]
0 ====> 102 [2, 2, 2, 3, 7, 8]
0 ====> 103 [2, 2, 2, 3, 7, 9]
1 ====> 104 [2, 2, 2, 3, 8, 9]
4
5
2 ====> 105 [2, 2, 2, 3, 8, 8]
0 ====> 106 [2, 2, 2, 3, 8, 9]
1 ====> 107 [2, 2, 2, 3, 9, 9]
1 ====> 108 [2, 2, 2, 4, 9, 9]
3
4
5
2 ====> 109 [2, 2, 2, 4, 4, 4]
0 ====> 110 [2, 2, 2, 4, 4, 5]
0 ====> 111 [2, 2, 2, 4, 4, 6]
0 ====> 112 [2, 2, 2, 4, 4, 7]
0 ====> 113 [2, 2, 2, 4, 4, 8]
0 ====> 114 [2, 2, 2, 4, 4, 9]
1 ====> 115 [2, 2, 2, 4, 5, 9]
4
5
2 ====> 116 [2, 2, 2, 4, 5, 5]
0 ====> 117 [2, 2, 2, 4, 5, 6]
0 ====> 118 [2, 2, 2, 4, 5, 7]
0 ====> 119 [2, 2, 2, 4, 5, 8]
0 ====> 120 [2, 2, 2, 4, 5, 9]
1 ====> 121 [2, 2, 2, 4, 6, 9]
4
5
2 ====> 122 [2, 2, 2, 4, 6, 6]
0 ====> 123 [2, 2, 2, 4, 6, 7]
0 ====> 124 [2, 2, 2, 4, 6, 8]
0 ====> 125 [2, 2, 2, 4, 6, 9]
1 ====> 126 [2, 2, 2, 4, 7, 9]
4
5
2 ====> 127 [2, 2, 2, 4, 7, 7]
0 ====> 128 [2, 2, 2, 4, 7, 8]
0 ====> 129 [2, 2, 2, 4, 7, 9]
1 ====> 130 [2, 2, 2, 4, 8, 9]
4
5
2 ====> 131 [2, 2, 2, 4, 8, 8]
0 ====> 132 [2, 2, 2, 4, 8, 9]
1 ====> 133 [2, 2, 2, 4, 9, 9]
1 ====> 134 [2, 2, 2, 5, 9, 9]
3
4
5
2 ====> 135 [2, 2, 2, 5, 5, 5]
0 ====> 136 [2, 2, 2, 5, 5, 6]
0 ====> 137 [2, 2, 2, 5, 5, 7]
0 ====> 138 [2, 2, 2, 5, 5, 8]
0 ====> 139 [2, 2, 2, 5, 5, 9]
1 ====> 140 [2, 2, 2, 5, 6, 9]
4
5
2 ====> 141 [2, 2, 2, 5, 6, 6]
0 ====> 142 [2, 2, 2, 5, 6, 7]
0 ====> 143 [2, 2, 2, 5, 6, 8]
0 ====> 144 [2, 2, 2, 5, 6, 9]
1 ====> 145 [2, 2, 2, 5, 7, 9]
4
5
2 ====> 146 [2, 2, 2, 5, 7, 7]
0 ====> 147 [2, 2, 2, 5, 7, 8]
0 ====> 148 [2, 2, 2, 5, 7, 9]
1 ====> 149 [2, 2, 2, 5, 8, 9]
4
5
2 ====> 150 [2, 2, 2, 5, 8, 8]
0 ====> 151 [2, 2, 2, 5, 8, 9]
1 ====> 152 [2, 2, 2, 5, 9, 9]
1 ====> 153 [2, 2, 2, 6, 9, 9]
3
4
5
2 ====> 154 [2, 2, 2, 6, 6, 6]
0 ====> 155 [2, 2, 2, 6, 6, 7]
0 ====> 156 [2, 2, 2, 6, 6, 8]
0 ====> 157 [2, 2, 2, 6, 6, 9]
1 ====> 158 [2, 2, 2, 6, 7, 9]
4
5
2 ====> 159 [2, 2, 2, 6, 7, 7]
0 ====> 160 [2, 2, 2, 6, 7, 8]
0 ====> 161 [2, 2, 2, 6, 7, 9]
1 ====> 162 [2, 2, 2, 6, 8, 9]
4
5
2 ====> 163 [2, 2, 2, 6, 8, 8]
0 ====> 164 [2, 2, 2, 6, 8, 9]
1 ====> 165 [2, 2, 2, 6, 9, 9]
1 ====> 166 [2, 2, 2, 7, 9, 9]
3
4
5
2 ====> 167 [2, 2, 2, 7, 7, 7]
0 ====> 168 [2, 2, 2, 7, 7, 8]
0 ====> 169 [2, 2, 2, 7, 7, 9]
1 ====> 170 [2, 2, 2, 7, 8, 9]
4
5
2 ====> 171 [2, 2, 2, 7, 8, 8]
0 ====> 172 [2, 2, 2, 7, 8, 9]
1 ====> 173 [2, 2, 2, 7, 9, 9]
1 ====> 174 [2, 2, 2, 8, 9, 9]
3
4
5
2 ====> 175 [2, 2, 2, 8, 8, 8]
0 ====> 176 [2, 2, 2, 8, 8, 9]
1 ====> 177 [2, 2, 2, 8, 9, 9]
1 ====> 178 [2, 2, 2, 9, 9, 9]
1 ====> 179 [2, 2, 3, 9, 9, 9]
2
3
4
5
2 ====> 180 [2, 2, 3, 3, 3, 3]
0 ====> 181 [2, 2, 3, 3, 3, 4]
0 ====> 182 [2, 2, 3, 3, 3, 5]
0 ====> 183 [2, 2, 3, 3, 3, 6]
0 ====> 184 [2, 2, 3, 3, 3, 7]
0 ====> 185 [2, 2, 3, 3, 3, 8]
0 ====> 186 [2, 2, 3, 3, 3, 9]
1 ====> 187 [2, 2, 3, 3, 4, 9]
4
5
2 ====> 188 [2, 2, 3, 3, 4, 4]
0 ====> 189 [2, 2, 3, 3, 4, 5]
0 ====> 190 [2, 2, 3, 3, 4, 6]
0 ====> 191 [2, 2, 3, 3, 4, 7]
0 ====> 192 [2, 2, 3, 3, 4, 8]
0 ====> 193 [2, 2, 3, 3, 4, 9]
1 ====> 194 [2, 2, 3, 3, 5, 9]
4
5
2 ====> 195 [2, 2, 3, 3, 5, 5]
0 ====> 196 [2, 2, 3, 3, 5, 6]
0 ====> 197 [2, 2, 3, 3, 5, 7]
0 ====> 198 [2, 2, 3, 3, 5, 8]
0 ====> 199 [2, 2, 3, 3, 5, 9]
1 ====> 200 [2, 2, 3, 3, 6, 9]
4
5
2 ====> 201 [2, 2, 3, 3, 6, 6]
0 ====> 202 [2, 2, 3, 3, 6, 7]
0 ====> 203 [2, 2, 3, 3, 6, 8]
0 ====> 204 [2, 2, 3, 3, 6, 9]
1 ====> 205 [2, 2, 3, 3, 7, 9]
4
5
2 ====> 206 [2, 2, 3, 3, 7, 7]
0 ====> 207 [2, 2, 3, 3, 7, 8]
0 ====> 208 [2, 2, 3, 3, 7, 9]
1 ====> 209 [2, 2, 3, 3, 8, 9]
4
5
2 ====> 210 [2, 2, 3, 3, 8, 8]
0 ====> 211 [2, 2, 3, 3, 8, 9]
1 ====> 212 [2, 2, 3, 3, 9, 9]
1 ====> 213 [2, 2, 3, 4, 9, 9]
3
4
5
2 ====> 214 [2, 2, 3, 4, 4, 4]
0 ====> 215 [2, 2, 3, 4, 4, 5]
0 ====> 216 [2, 2, 3, 4, 4, 6]
0 ====> 217 [2, 2, 3, 4, 4, 7]
0 ====> 218 [2, 2, 3, 4, 4, 8]
0 ====> 219 [2, 2, 3, 4, 4, 9]
1 ====> 220 [2, 2, 3, 4, 5, 9]
4
5
2 ====> 221 [2, 2, 3, 4, 5, 5]
0 ====> 222 [2, 2, 3, 4, 5, 6]
0 ====> 223 [2, 2, 3, 4, 5, 7]
0 ====> 224 [2, 2, 3, 4, 5, 8]
0 ====> 225 [2, 2, 3, 4, 5, 9]
1 ====> 226 [2, 2, 3, 4, 6, 9]
4
5
2 ====> 227 [2, 2, 3, 4, 6, 6]
0 ====> 228 [2, 2, 3, 4, 6, 7]
0 ====> 229 [2, 2, 3, 4, 6, 8]
0 ====> 230 [2, 2, 3, 4, 6, 9]
1 ====> 231 [2, 2, 3, 4, 7, 9]
4
5
2 ====> 232 [2, 2, 3, 4, 7, 7]
0 ====> 233 [2, 2, 3, 4, 7, 8]
0 ====> 234 [2, 2, 3, 4, 7, 9]
1 ====> 235 [2, 2, 3, 4, 8, 9]
4
5
2 ====> 236 [2, 2, 3, 4, 8, 8]
0 ====> 237 [2, 2, 3, 4, 8, 9]
1 ====> 238 [2, 2, 3, 4, 9, 9]
1 ====> 239 [2, 2, 3, 5, 9, 9]
3
4
5
2 ====> 240 [2, 2, 3, 5, 5, 5]
0 ====> 241 [2, 2, 3, 5, 5, 6]
0 ====> 242 [2, 2, 3, 5, 5, 7]
0 ====> 243 [2, 2, 3, 5, 5, 8]
0 ====> 244 [2, 2, 3, 5, 5, 9]
1 ====> 245 [2, 2, 3, 5, 6, 9]
4
5
2 ====> 246 [2, 2, 3, 5, 6, 6]
0 ====> 247 [2, 2, 3, 5, 6, 7]
0 ====> 248 [2, 2, 3, 5, 6, 8]
0 ====> 249 [2, 2, 3, 5, 6, 9]
1 ====> 250 [2, 2, 3, 5, 7, 9]
4
5
2 ====> 251 [2, 2, 3, 5, 7, 7]
0 ====> 252 [2, 2, 3, 5, 7, 8]
0 ====> 253 [2, 2, 3, 5, 7, 9]
1 ====> 254 [2, 2, 3, 5, 8, 9]
4
5
2 ====> 255 [2, 2, 3, 5, 8, 8]
0 ====> 256 [2, 2, 3, 5, 8, 9]
1 ====> 257 [2, 2, 3, 5, 9, 9]
1 ====> 258 [2, 2, 3, 6, 9, 9]
3
4
5
2 ====> 259 [2, 2, 3, 6, 6, 6]
0 ====> 260 [2, 2, 3, 6, 6, 7]
0 ====> 261 [2, 2, 3, 6, 6, 8]
0 ====> 262 [2, 2, 3, 6, 6, 9]
1 ====> 263 [2, 2, 3, 6, 7, 9]
4
5
2 ====> 264 [2, 2, 3, 6, 7, 7]
0 ====> 265 [2, 2, 3, 6, 7, 8]
0 ====> 266 [2, 2, 3, 6, 7, 9]
1 ====> 267 [2, 2, 3, 6, 8, 9]
4
5
2 ====> 268 [2, 2, 3, 6, 8, 8]
0 ====> 269 [2, 2, 3, 6, 8, 9]
1 ====> 270 [2, 2, 3, 6, 9, 9]
1 ====> 271 [2, 2, 3, 7, 9, 9]
3
4
5
2 ====> 272 [2, 2, 3, 7, 7, 7]
0 ====> 273 [2, 2, 3, 7, 7, 8]
0 ====> 274 [2, 2, 3, 7, 7, 9]
1 ====> 275 [2, 2, 3, 7, 8, 9]
4
5
2 ====> 276 [2, 2, 3, 7, 8, 8]
0 ====> 277 [2, 2, 3, 7, 8, 9]
1 ====> 278 [2, 2, 3, 7, 9, 9]
1 ====> 279 [2, 2, 3, 8, 9, 9]
3
4
5
2 ====> 280 [2, 2, 3, 8, 8, 8]
0 ====> 281 [2, 2, 3, 8, 8, 9]
1 ====> 282 [2, 2, 3, 8, 9, 9]
1 ====> 283 [2, 2, 3, 9, 9, 9]
1 ====> 284 [2, 2, 4, 9, 9, 9]
2
3
4
5
2 ====> 285 [2, 2, 4, 4, 4, 4]
0 ====> 286 [2, 2, 4, 4, 4, 5]
0 ====> 287 [2, 2, 4, 4, 4, 6]
0 ====> 288 [2, 2, 4, 4, 4, 7]
0 ====> 289 [2, 2, 4, 4, 4, 8]
0 ====> 290 [2, 2, 4, 4, 4, 9]
1 ====> 291 [2, 2, 4, 4, 5, 9]
4
5
2 ====> 292 [2, 2, 4, 4, 5, 5]
0 ====> 293 [2, 2, 4, 4, 5, 6]
0 ====> 294 [2, 2, 4, 4, 5, 7]
0 ====> 295 [2, 2, 4, 4, 5, 8]
0 ====> 296 [2, 2, 4, 4, 5, 9]
1 ====> 297 [2, 2, 4, 4, 6, 9]
4
5
2 ====> 298 [2, 2, 4, 4, 6, 6]
0 ====> 299 [2, 2, 4, 4, 6, 7]
0 ====> 300 [2, 2, 4, 4, 6, 8]
0 ====> 301 [2, 2, 4, 4, 6, 9]
1 ====> 302 [2, 2, 4, 4, 7, 9]
4
5
2 ====> 303 [2, 2, 4, 4, 7, 7]
0 ====> 304 [2, 2, 4, 4, 7, 8]
0 ====> 305 [2, 2, 4, 4, 7, 9]
1 ====> 306 [2, 2, 4, 4, 8, 9]
4
5
2 ====> 307 [2, 2, 4, 4, 8, 8]
0 ====> 308 [2, 2, 4, 4, 8, 9]
1 ====> 309 [2, 2, 4, 4, 9, 9]
1 ====> 310 [2, 2, 4, 5, 9, 9]
3
4
5
2 ====> 311 [2, 2, 4, 5, 5, 5]
0 ====> 312 [2, 2, 4, 5, 5, 6]
0 ====> 313 [2, 2, 4, 5, 5, 7]
0 ====> 314 [2, 2, 4, 5, 5, 8]
0 ====> 315 [2, 2, 4, 5, 5, 9]
1 ====> 316 [2, 2, 4, 5, 6, 9]
4
5
2 ====> 317 [2, 2, 4, 5, 6, 6]
0 ====> 318 [2, 2, 4, 5, 6, 7]
0 ====> 319 [2, 2, 4, 5, 6, 8]
0 ====> 320 [2, 2, 4, 5, 6, 9]
1 ====> 321 [2, 2, 4, 5, 7, 9]
4
5
2 ====> 322 [2, 2, 4, 5, 7, 7]
0 ====> 323 [2, 2, 4, 5, 7, 8]
0 ====> 324 [2, 2, 4, 5, 7, 9]
1 ====> 325 [2, 2, 4, 5, 8, 9]
4
5
2 ====> 326 [2, 2, 4, 5, 8, 8]
0 ====> 327 [2, 2, 4, 5, 8, 9]
1 ====> 328 [2, 2, 4, 5, 9, 9]
1 ====> 329 [2, 2, 4, 6, 9, 9]
3
4
5
2 ====> 330 [2, 2, 4, 6, 6, 6]
0 ====> 331 [2, 2, 4, 6, 6, 7]
0 ====> 332 [2, 2, 4, 6, 6, 8]
0 ====> 333 [2, 2, 4, 6, 6, 9]
1 ====> 334 [2, 2, 4, 6, 7, 9]
4
5
2 ====> 335 [2, 2, 4, 6, 7, 7]
0 ====> 336 [2, 2, 4, 6, 7, 8]
0 ====> 337 [2, 2, 4, 6, 7, 9]
1 ====> 338 [2, 2, 4, 6, 8, 9]
4
5
2 ====> 339 [2, 2, 4, 6, 8, 8]
0 ====> 340 [2, 2, 4, 6, 8, 9]
1 ====> 341 [2, 2, 4, 6, 9, 9]
1 ====> 342 [2, 2, 4, 7, 9, 9]
3
4
5
2 ====> 343 [2, 2, 4, 7, 7, 7]
0 ====> 344 [2, 2, 4, 7, 7, 8]
0 ====> 345 [2, 2, 4, 7, 7, 9]
1 ====> 346 [2, 2, 4, 7, 8, 9]
4
5
2 ====> 347 [2, 2, 4, 7, 8, 8]
0 ====> 348 [2, 2, 4, 7, 8, 9]
1 ====> 349 [2, 2, 4, 7, 9, 9]
1 ====> 350 [2, 2, 4, 8, 9, 9]
3
4
5
2 ====> 351 [2, 2, 4, 8, 8, 8]
0 ====> 352 [2, 2, 4, 8, 8, 9]
1 ====> 353 [2, 2, 4, 8, 9, 9]
1 ====> 354 [2, 2, 4, 9, 9, 9]
1 ====> 355 [2, 2, 5, 9, 9, 9]
2
3
4
5
2 ====> 356 [2, 2, 5, 5, 5, 5]
0 ====> 357 [2, 2, 5, 5, 5, 6]
0 ====> 358 [2, 2, 5, 5, 5, 7]
0 ====> 359 [2, 2, 5, 5, 5, 8]
0 ====> 360 [2, 2, 5, 5, 5, 9]
1 ====> 361 [2, 2, 5, 5, 6, 9]
4
5
2 ====> 362 [2, 2, 5, 5, 6, 6]
0 ====> 363 [2, 2, 5, 5, 6, 7]
0 ====> 364 [2, 2, 5, 5, 6, 8]
0 ====> 365 [2, 2, 5, 5, 6, 9]
1 ====> 366 [2, 2, 5, 5, 7, 9]
4
5
2 ====> 367 [2, 2, 5, 5, 7, 7]
0 ====> 368 [2, 2, 5, 5, 7, 8]
0 ====> 369 [2, 2, 5, 5, 7, 9]
1 ====> 370 [2, 2, 5, 5, 8, 9]
4
5
2 ====> 371 [2, 2, 5, 5, 8, 8]
0 ====> 372 [2, 2, 5, 5, 8, 9]
1 ====> 373 [2, 2, 5, 5, 9, 9]
1 ====> 374 [2, 2, 5, 6, 9, 9]
3
4
5
2 ====> 375 [2, 2, 5, 6, 6, 6]
0 ====> 376 [2, 2, 5, 6, 6, 7]
0 ====> 377 [2, 2, 5, 6, 6, 8]
0 ====> 378 [2, 2, 5, 6, 6, 9]
1 ====> 379 [2, 2, 5, 6, 7, 9]
4
5
2 ====> 380 [2, 2, 5, 6, 7, 7]
0 ====> 381 [2, 2, 5, 6, 7, 8]
0 ====> 382 [2, 2, 5, 6, 7, 9]
1 ====> 383 [2, 2, 5, 6, 8, 9]
4
5
2 ====> 384 [2, 2, 5, 6, 8, 8]
0 ====> 385 [2, 2, 5, 6, 8, 9]
1 ====> 386 [2, 2, 5, 6, 9, 9]
1 ====> 387 [2, 2, 5, 7, 9, 9]
3
4
5
2 ====> 388 [2, 2, 5, 7, 7, 7]
0 ====> 389 [2, 2, 5, 7, 7, 8]
0 ====> 390 [2, 2, 5, 7, 7, 9]
1 ====> 391 [2, 2, 5, 7, 8, 9]
4
5
2 ====> 392 [2, 2, 5, 7, 8, 8]
0 ====> 393 [2, 2, 5, 7, 8, 9]
1 ====> 394 [2, 2, 5, 7, 9, 9]
1 ====> 395 [2, 2, 5, 8, 9, 9]
3
4
5
2 ====> 396 [2, 2, 5, 8, 8, 8]
0 ====> 397 [2, 2, 5, 8, 8, 9]
1 ====> 398 [2, 2, 5, 8, 9, 9]
1 ====> 399 [2, 2, 5, 9, 9, 9]
1 ====> 400 [2, 2, 6, 9, 9, 9]
2
3
4
5
2 ====> 401 [2, 2, 6, 6, 6, 6]
0 ====> 402 [2, 2, 6, 6, 6, 7]
0 ====> 403 [2, 2, 6, 6, 6, 8]
0 ====> 404 [2, 2, 6, 6, 6, 9]
1 ====> 405 [2, 2, 6, 6, 7, 9]
4
5
2 ====> 406 [2, 2, 6, 6, 7, 7]
0 ====> 407 [2, 2, 6, 6, 7, 8]
0 ====> 408 [2, 2, 6, 6, 7, 9]
1 ====> 409 [2, 2, 6, 6, 8, 9]
4
5
2 ====> 410 [2, 2, 6, 6, 8, 8]
0 ====> 411 [2, 2, 6, 6, 8, 9]
1 ====> 412 [2, 2, 6, 6, 9, 9]
1 ====> 413 [2, 2, 6, 7, 9, 9]
3
4
5
2 ====> 414 [2, 2, 6, 7, 7, 7]
0 ====> 415 [2, 2, 6, 7, 7, 8]
0 ====> 416 [2, 2, 6, 7, 7, 9]
1 ====> 417 [2, 2, 6, 7, 8, 9]
4
5
2 ====> 418 [2, 2, 6, 7, 8, 8]
0 ====> 419 [2, 2, 6, 7, 8, 9]
1 ====> 420 [2, 2, 6, 7, 9, 9]
1 ====> 421 [2, 2, 6, 8, 9, 9]
3
4
5
2 ====> 422 [2, 2, 6, 8, 8, 8]
0 ====> 423 [2, 2, 6, 8, 8, 9]
1 ====> 424 [2, 2, 6, 8, 9, 9]
1 ====> 425 [2, 2, 6, 9, 9, 9]
1 ====> 426 [2, 2, 7, 9, 9, 9]
2
3
4
5
2 ====> 427 [2, 2, 7, 7, 7, 7]
0 ====> 428 [2, 2, 7, 7, 7, 8]
0 ====> 429 [2, 2, 7, 7, 7, 9]
1 ====> 430 [2, 2, 7, 7, 8, 9]
4
5
2 ====> 431 [2, 2, 7, 7, 8, 8]
0 ====> 432 [2, 2, 7, 7, 8, 9]
1 ====> 433 [2, 2, 7, 7, 9, 9]
1 ====> 434 [2, 2, 7, 8, 9, 9]
3
4
5
2 ====> 435 [2, 2, 7, 8, 8, 8]
0 ====> 436 [2, 2, 7, 8, 8, 9]
1 ====> 437 [2, 2, 7, 8, 9, 9]
1 ====> 438 [2, 2, 7, 9, 9, 9]
1 ====> 439 [2, 2, 8, 9, 9, 9]
2
3
4
5
2 ====> 440 [2, 2, 8, 8, 8, 8]
0 ====> 441 [2, 2, 8, 8, 8, 9]
1 ====> 442 [2, 2, 8, 8, 9, 9]
1 ====> 443 [2, 2, 8, 9, 9, 9]
1 ====> 444 [2, 2, 9, 9, 9, 9]
1 ====> 445 [2, 3, 9, 9, 9, 9]
1
2
3
4
5
2 ====> 446 [2, 3, 3, 3, 3, 3]
0 ====> 447 [2, 3, 3, 3, 3, 4]
0 ====> 448 [2, 3, 3, 3, 3, 5]
0 ====> 449 [2, 3, 3, 3, 3, 6]
0 ====> 450 [2, 3, 3, 3, 3, 7]
0 ====> 451 [2, 3, 3, 3, 3, 8]
0 ====> 452 [2, 3, 3, 3, 3, 9]
1 ====> 453 [2, 3, 3, 3, 4, 9]
4
5
2 ====> 454 [2, 3, 3, 3, 4, 4]
0 ====> 455 [2, 3, 3, 3, 4, 5]
0 ====> 456 [2, 3, 3, 3, 4, 6]
0 ====> 457 [2, 3, 3, 3, 4, 7]
0 ====> 458 [2, 3, 3, 3, 4, 8]
0 ====> 459 [2, 3, 3, 3, 4, 9]
1 ====> 460 [2, 3, 3, 3, 5, 9]
4
5
2 ====> 461 [2, 3, 3, 3, 5, 5]
0 ====> 462 [2, 3, 3, 3, 5, 6]
0 ====> 463 [2, 3, 3, 3, 5, 7]
0 ====> 464 [2, 3, 3, 3, 5, 8]
0 ====> 465 [2, 3, 3, 3, 5, 9]
1 ====> 466 [2, 3, 3, 3, 6, 9]
4
5
2 ====> 467 [2, 3, 3, 3, 6, 6]
0 ====> 468 [2, 3, 3, 3, 6, 7]
0 ====> 469 [2, 3, 3, 3, 6, 8]
0 ====> 470 [2, 3, 3, 3, 6, 9]
1 ====> 471 [2, 3, 3, 3, 7, 9]
4
5
2 ====> 472 [2, 3, 3, 3, 7, 7]
0 ====> 473 [2, 3, 3, 3, 7, 8]
0 ====> 474 [2, 3, 3, 3, 7, 9]
1 ====> 475 [2, 3, 3, 3, 8, 9]
4
5
2 ====> 476 [2, 3, 3, 3, 8, 8]
0 ====> 477 [2, 3, 3, 3, 8, 9]
1 ====> 478 [2, 3, 3, 3, 9, 9]
1 ====> 479 [2, 3, 3, 4, 9, 9]
3
4
5
2 ====> 480 [2, 3, 3, 4, 4, 4]
0 ====> 481 [2, 3, 3, 4, 4, 5]
0 ====> 482 [2, 3, 3, 4, 4, 6]
0 ====> 483 [2, 3, 3, 4, 4, 7]
0 ====> 484 [2, 3, 3, 4, 4, 8]
0 ====> 485 [2, 3, 3, 4, 4, 9]
1 ====> 486 [2, 3, 3, 4, 5, 9]
4
5
2 ====> 487 [2, 3, 3, 4, 5, 5]
0 ====> 488 [2, 3, 3, 4, 5, 6]
0 ====> 489 [2, 3, 3, 4, 5, 7]
0 ====> 490 [2, 3, 3, 4, 5, 8]
0 ====> 491 [2, 3, 3, 4, 5, 9]
1 ====> 492 [2, 3, 3, 4, 6, 9]
4
5
2 ====> 493 [2, 3, 3, 4, 6, 6]
0 ====> 494 [2, 3, 3, 4, 6, 7]
0 ====> 495 [2, 3, 3, 4, 6, 8]
0 ====> 496 [2, 3, 3, 4, 6, 9]
1 ====> 497 [2, 3, 3, 4, 7, 9]
4
5
2 ====> 498 [2, 3, 3, 4, 7, 7]
0 ====> 499 [2, 3, 3, 4, 7, 8]
0 ====> 500 [2, 3, 3, 4, 7, 9]
1 ====> 501 [2, 3, 3, 4, 8, 9]
4
5
2 ====> 502 [2, 3, 3, 4, 8, 8]
0 ====> 503 [2, 3, 3, 4, 8, 9]
1 ====> 504 [2, 3, 3, 4, 9, 9]
1 ====> 505 [2, 3, 3, 5, 9, 9]
3
4
5
2 ====> 506 [2, 3, 3, 5, 5, 5]
0 ====> 507 [2, 3, 3, 5, 5, 6]
0 ====> 508 [2, 3, 3, 5, 5, 7]
0 ====> 509 [2, 3, 3, 5, 5, 8]
0 ====> 510 [2, 3, 3, 5, 5, 9]
1 ====> 511 [2, 3, 3, 5, 6, 9]
4
5
2 ====> 512 [2, 3, 3, 5, 6, 6]
0 ====> 513 [2, 3, 3, 5, 6, 7]
0 ====> 514 [2, 3, 3, 5, 6, 8]
0 ====> 515 [2, 3, 3, 5, 6, 9]
1 ====> 516 [2, 3, 3, 5, 7, 9]
4
5
2 ====> 517 [2, 3, 3, 5, 7, 7]
0 ====> 518 [2, 3, 3, 5, 7, 8]
0 ====> 519 [2, 3, 3, 5, 7, 9]
1 ====> 520 [2, 3, 3, 5, 8, 9]
4
5
2 ====> 521 [2, 3, 3, 5, 8, 8]
0 ====> 522 [2, 3, 3, 5, 8, 9]
1 ====> 523 [2, 3, 3, 5, 9, 9]
1 ====> 524 [2, 3, 3, 6, 9, 9]
3
4
5
2 ====> 525 [2, 3, 3, 6, 6, 6]
0 ====> 526 [2, 3, 3, 6, 6, 7]
0 ====> 527 [2, 3, 3, 6, 6, 8]
0 ====> 528 [2, 3, 3, 6, 6, 9]
1 ====> 529 [2, 3, 3, 6, 7, 9]
4
5
2 ====> 530 [2, 3, 3, 6, 7, 7]
0 ====> 531 [2, 3, 3, 6, 7, 8]
0 ====> 532 [2, 3, 3, 6, 7, 9]
1 ====> 533 [2, 3, 3, 6, 8, 9]
4
5
2 ====> 534 [2, 3, 3, 6, 8, 8]
0 ====> 535 [2, 3, 3, 6, 8, 9]
1 ====> 536 [2, 3, 3, 6, 9, 9]
1 ====> 537 [2, 3, 3, 7, 9, 9]
3
4
5
2 ====> 538 [2, 3, 3, 7, 7, 7]
0 ====> 539 [2, 3, 3, 7, 7, 8]
0 ====> 540 [2, 3, 3, 7, 7, 9]
1 ====> 541 [2, 3, 3, 7, 8, 9]
4
5
2 ====> 542 [2, 3, 3, 7, 8, 8]
0 ====> 543 [2, 3, 3, 7, 8, 9]
1 ====> 544 [2, 3, 3, 7, 9, 9]
1 ====> 545 [2, 3, 3, 8, 9, 9]
3
4
5
2 ====> 546 [2, 3, 3, 8, 8, 8]
0 ====> 547 [2, 3, 3, 8, 8, 9]
1 ====> 548 [2, 3, 3, 8, 9, 9]
1 ====> 549 [2, 3, 3, 9, 9, 9]
1 ====> 550 [2, 3, 4, 9, 9, 9]
2
3
4
5
2 ====> 551 [2, 3, 4, 4, 4, 4]
0 ====> 552 [2, 3, 4, 4, 4, 5]
0 ====> 553 [2, 3, 4, 4, 4, 6]
0 ====> 554 [2, 3, 4, 4, 4, 7]
0 ====> 555 [2, 3, 4, 4, 4, 8]
0 ====> 556 [2, 3, 4, 4, 4, 9]
1 ====> 557 [2, 3, 4, 4, 5, 9]
4
5
2 ====> 558 [2, 3, 4, 4, 5, 5]
0 ====> 559 [2, 3, 4, 4, 5, 6]
0 ====> 560 [2, 3, 4, 4, 5, 7]
0 ====> 561 [2, 3, 4, 4, 5, 8]
0 ====> 562 [2, 3, 4, 4, 5, 9]
1 ====> 563 [2, 3, 4, 4, 6, 9]
4
5
2 ====> 564 [2, 3, 4, 4, 6, 6]
0 ====> 565 [2, 3, 4, 4, 6, 7]
0 ====> 566 [2, 3, 4, 4, 6, 8]
0 ====> 567 [2, 3, 4, 4, 6, 9]
1 ====> 568 [2, 3, 4, 4, 7, 9]
4
5
2 ====> 569 [2, 3, 4, 4, 7, 7]
0 ====> 570 [2, 3, 4, 4, 7, 8]
0 ====> 571 [2, 3, 4, 4, 7, 9]
1 ====> 572 [2, 3, 4, 4, 8, 9]
4
5
2 ====> 573 [2, 3, 4, 4, 8, 8]
0 ====> 574 [2, 3, 4, 4, 8, 9]
1 ====> 575 [2, 3, 4, 4, 9, 9]
1 ====> 576 [2, 3, 4, 5, 9, 9]
3
4
5
2 ====> 577 [2, 3, 4, 5, 5, 5]
0 ====> 578 [2, 3, 4, 5, 5, 6]
0 ====> 579 [2, 3, 4, 5, 5, 7]
0 ====> 580 [2, 3, 4, 5, 5, 8]
0 ====> 581 [2, 3, 4, 5, 5, 9]
1 ====> 582 [2, 3, 4, 5, 6, 9]
4
5
2 ====> 583 [2, 3, 4, 5, 6, 6]
0 ====> 584 [2, 3, 4, 5, 6, 7]
0 ====> 585 [2, 3, 4, 5, 6, 8]
0 ====> 586 [2, 3, 4, 5, 6, 9]
1 ====> 587 [2, 3, 4, 5, 7, 9]
4
5
2 ====> 588 [2, 3, 4, 5, 7, 7]
0 ====> 589 [2, 3, 4, 5, 7, 8]
0 ====> 590 [2, 3, 4, 5, 7, 9]
1 ====> 591 [2, 3, 4, 5, 8, 9]
4
5
2 ====> 592 [2, 3, 4, 5, 8, 8]
0 ====> 593 [2, 3, 4, 5, 8, 9]
1 ====> 594 [2, 3, 4, 5, 9, 9]
1 ====> 595 [2, 3, 4, 6, 9, 9]
3
4
5
2 ====> 596 [2, 3, 4, 6, 6, 6]
0 ====> 597 [2, 3, 4, 6, 6, 7]
0 ====> 598 [2, 3, 4, 6, 6, 8]
0 ====> 599 [2, 3, 4, 6, 6, 9]
1 ====> 600 [2, 3, 4, 6, 7, 9]
4
5
2 ====> 601 [2, 3, 4, 6, 7, 7]
0 ====> 602 [2, 3, 4, 6, 7, 8]
0 ====> 603 [2, 3, 4, 6, 7, 9]
1 ====> 604 [2, 3, 4, 6, 8, 9]
4
5
2 ====> 605 [2, 3, 4, 6, 8, 8]
0 ====> 606 [2, 3, 4, 6, 8, 9]
1 ====> 607 [2, 3, 4, 6, 9, 9]
1 ====> 608 [2, 3, 4, 7, 9, 9]
3
4
5
2 ====> 609 [2, 3, 4, 7, 7, 7]
0 ====> 610 [2, 3, 4, 7, 7, 8]
0 ====> 611 [2, 3, 4, 7, 7, 9]
1 ====> 612 [2, 3, 4, 7, 8, 9]
4
5
2 ====> 613 [2, 3, 4, 7, 8, 8]
0 ====> 614 [2, 3, 4, 7, 8, 9]
1 ====> 615 [2, 3, 4, 7, 9, 9]
1 ====> 616 [2, 3, 4, 8, 9, 9]
3
4
5
2 ====> 617 [2, 3, 4, 8, 8, 8]
0 ====> 618 [2, 3, 4, 8, 8, 9]
1 ====> 619 [2, 3, 4, 8, 9, 9]
1 ====> 620 [2, 3, 4, 9, 9, 9]
1 ====> 621 [2, 3, 5, 9, 9, 9]
2
3
4
5
2 ====> 622 [2, 3, 5, 5, 5, 5]
0 ====> 623 [2, 3, 5, 5, 5, 6]
0 ====> 624 [2, 3, 5, 5, 5, 7]
0 ====> 625 [2, 3, 5, 5, 5, 8]
0 ====> 626 [2, 3, 5, 5, 5, 9]
1 ====> 627 [2, 3, 5, 5, 6, 9]
4
5
2 ====> 628 [2, 3, 5, 5, 6, 6]
0 ====> 629 [2, 3, 5, 5, 6, 7]
0 ====> 630 [2, 3, 5, 5, 6, 8]
0 ====> 631 [2, 3, 5, 5, 6, 9]
1 ====> 632 [2, 3, 5, 5, 7, 9]
4
5
2 ====> 633 [2, 3, 5, 5, 7, 7]
0 ====> 634 [2, 3, 5, 5, 7, 8]
0 ====> 635 [2, 3, 5, 5, 7, 9]
1 ====> 636 [2, 3, 5, 5, 8, 9]
4
5
2 ====> 637 [2, 3, 5, 5, 8, 8]
0 ====> 638 [2, 3, 5, 5, 8, 9]
1 ====> 639 [2, 3, 5, 5, 9, 9]
1 ====> 640 [2, 3, 5, 6, 9, 9]
3
4
5
2 ====> 641 [2, 3, 5, 6, 6, 6]
0 ====> 642 [2, 3, 5, 6, 6, 7]
0 ====> 643 [2, 3, 5, 6, 6, 8]
0 ====> 644 [2, 3, 5, 6, 6, 9]
1 ====> 645 [2, 3, 5, 6, 7, 9]
4
5
2 ====> 646 [2, 3, 5, 6, 7, 7]
0 ====> 647 [2, 3, 5, 6, 7, 8]
0 ====> 648 [2, 3, 5, 6, 7, 9]
1 ====> 649 [2, 3, 5, 6, 8, 9]
4
5
2 ====> 650 [2, 3, 5, 6, 8, 8]
0 ====> 651 [2, 3, 5, 6, 8, 9]
1 ====> 652 [2, 3, 5, 6, 9, 9]
1 ====> 653 [2, 3, 5, 7, 9, 9]
3
4
5
2 ====> 654 [2, 3, 5, 7, 7, 7]
0 ====> 655 [2, 3, 5, 7, 7, 8]
0 ====> 656 [2, 3, 5, 7, 7, 9]
1 ====> 657 [2, 3, 5, 7, 8, 9]
4
5
2 ====> 658 [2, 3, 5, 7, 8, 8]
0 ====> 659 [2, 3, 5, 7, 8, 9]
1 ====> 660 [2, 3, 5, 7, 9, 9]
1 ====> 661 [2, 3, 5, 8, 9, 9]
3
4
5
2 ====> 662 [2, 3, 5, 8, 8, 8]
0 ====> 663 [2, 3, 5, 8, 8, 9]
1 ====> 664 [2, 3, 5, 8, 9, 9]
1 ====> 665 [2, 3, 5, 9, 9, 9]
1 ====> 666 [2, 3, 6, 9, 9, 9]
2
3
4
5
2 ====> 667 [2, 3, 6, 6, 6, 6]
0 ====> 668 [2, 3, 6, 6, 6, 7]
0 ====> 669 [2, 3, 6, 6, 6, 8]
0 ====> 670 [2, 3, 6, 6, 6, 9]
1 ====> 671 [2, 3, 6, 6, 7, 9]
4
5
2 ====> 672 [2, 3, 6, 6, 7, 7]
0 ====> 673 [2, 3, 6, 6, 7, 8]
0 ====> 674 [2, 3, 6, 6, 7, 9]
1 ====> 675 [2, 3, 6, 6, 8, 9]
4
5
2 ====> 676 [2, 3, 6, 6, 8, 8]
0 ====> 677 [2, 3, 6, 6, 8, 9]
1 ====> 678 [2, 3, 6, 6, 9, 9]
1 ====> 679 [2, 3, 6, 7, 9, 9]
3
4
5
2 ====> 680 [2, 3, 6, 7, 7, 7]
0 ====> 681 [2, 3, 6, 7, 7, 8]
0 ====> 682 [2, 3, 6, 7, 7, 9]
1 ====> 683 [2, 3, 6, 7, 8, 9]
4
5
2 ====> 684 [2, 3, 6, 7, 8, 8]
0 ====> 685 [2, 3, 6, 7, 8, 9]
1 ====> 686 [2, 3, 6, 7, 9, 9]
1 ====> 687 [2, 3, 6, 8, 9, 9]
3
4
5
2 ====> 688 [2, 3, 6, 8, 8, 8]
0 ====> 689 [2, 3, 6, 8, 8, 9]
1 ====> 690 [2, 3, 6, 8, 9, 9]
1 ====> 691 [2, 3, 6, 9, 9, 9]
1 ====> 692 [2, 3, 7, 9, 9, 9]
2
3
4
5
2 ====> 693 [2, 3, 7, 7, 7, 7]
0 ====> 694 [2, 3, 7, 7, 7, 8]
0 ====> 695 [2, 3, 7, 7, 7, 9]
1 ====> 696 [2, 3, 7, 7, 8, 9]
4
5
2 ====> 697 [2, 3, 7, 7, 8, 8]
0 ====> 698 [2, 3, 7, 7, 8, 9]
1 ====> 699 [2, 3, 7, 7, 9, 9]
1 ====> 700 [2, 3, 7, 8, 9, 9]
3
4
5
2 ====> 701 [2, 3, 7, 8, 8, 8]
0 ====> 702 [2, 3, 7, 8, 8, 9]
1 ====> 703 [2, 3, 7, 8, 9, 9]
1 ====> 704 [2, 3, 7, 9, 9, 9]
1 ====> 705 [2, 3, 8, 9, 9, 9]
2
3
4
5
2 ====> 706 [2, 3, 8, 8, 8, 8]
0 ====> 707 [2, 3, 8, 8, 8, 9]
1 ====> 708 [2, 3, 8, 8, 9, 9]
1 ====> 709 [2, 3, 8, 9, 9, 9]
1 ====> 710 [2, 3, 9, 9, 9, 9]
1 ====> 711 [2, 4, 9, 9, 9, 9]
1
2
3
4
5
2 ====> 712 [2, 4, 4, 4, 4, 4]
0 ====> 713 [2, 4, 4, 4, 4, 5]
0 ====> 714 [2, 4, 4, 4, 4, 6]
0 ====> 715 [2, 4, 4, 4, 4, 7]
0 ====> 716 [2, 4, 4, 4, 4, 8]
0 ====> 717 [2, 4, 4, 4, 4, 9]
1 ====> 718 [2, 4, 4, 4, 5, 9]
4
5
2 ====> 719 [2, 4, 4, 4, 5, 5]
0 ====> 720 [2, 4, 4, 4, 5, 6]
0 ====> 721 [2, 4, 4, 4, 5, 7]
0 ====> 722 [2, 4, 4, 4, 5, 8]
0 ====> 723 [2, 4, 4, 4, 5, 9]
1 ====> 724 [2, 4, 4, 4, 6, 9]
4
5
2 ====> 725 [2, 4, 4, 4, 6, 6]
0 ====> 726 [2, 4, 4, 4, 6, 7]
0 ====> 727 [2, 4, 4, 4, 6, 8]
0 ====> 728 [2, 4, 4, 4, 6, 9]
1 ====> 729 [2, 4, 4, 4, 7, 9]
4
5
2 ====> 730 [2, 4, 4, 4, 7, 7]
0 ====> 731 [2, 4, 4, 4, 7, 8]
0 ====> 732 [2, 4, 4, 4, 7, 9]
1 ====> 733 [2, 4, 4, 4, 8, 9]
4
5
2 ====> 734 [2, 4, 4, 4, 8, 8]
0 ====> 735 [2, 4, 4, 4, 8, 9]
1 ====> 736 [2, 4, 4, 4, 9, 9]
1 ====> 737 [2, 4, 4, 5, 9, 9]
3
4
5
2 ====> 738 [2, 4, 4, 5, 5, 5]
0 ====> 739 [2, 4, 4, 5, 5, 6]
0 ====> 740 [2, 4, 4, 5, 5, 7]
0 ====> 741 [2, 4, 4, 5, 5, 8]
0 ====> 742 [2, 4, 4, 5, 5, 9]
1 ====> 743 [2, 4, 4, 5, 6, 9]
4
5
2 ====> 744 [2, 4, 4, 5, 6, 6]
0 ====> 745 [2, 4, 4, 5, 6, 7]
0 ====> 746 [2, 4, 4, 5, 6, 8]
0 ====> 747 [2, 4, 4, 5, 6, 9]
1 ====> 748 [2, 4, 4, 5, 7, 9]
4
5
2 ====> 749 [2, 4, 4, 5, 7, 7]
0 ====> 750 [2, 4, 4, 5, 7, 8]
0 ====> 751 [2, 4, 4, 5, 7, 9]
1 ====> 752 [2, 4, 4, 5, 8, 9]
4
5
2 ====> 753 [2, 4, 4, 5, 8, 8]
0 ====> 754 [2, 4, 4, 5, 8, 9]
1 ====> 755 [2, 4, 4, 5, 9, 9]
1 ====> 756 [2, 4, 4, 6, 9, 9]
3
4
5
2 ====> 757 [2, 4, 4, 6, 6, 6]
0 ====> 758 [2, 4, 4, 6, 6, 7]
0 ====> 759 [2, 4, 4, 6, 6, 8]
0 ====> 760 [2, 4, 4, 6, 6, 9]
1 ====> 761 [2, 4, 4, 6, 7, 9]
4
5
2 ====> 762 [2, 4, 4, 6, 7, 7]
0 ====> 763 [2, 4, 4, 6, 7, 8]
0 ====> 764 [2, 4, 4, 6, 7, 9]
1 ====> 765 [2, 4, 4, 6, 8, 9]
4
5
2 ====> 766 [2, 4, 4, 6, 8, 8]
0 ====> 767 [2, 4, 4, 6, 8, 9]
1 ====> 768 [2, 4, 4, 6, 9, 9]
1 ====> 769 [2, 4, 4, 7, 9, 9]
3
4
5
2 ====> 770 [2, 4, 4, 7, 7, 7]
0 ====> 771 [2, 4, 4, 7, 7, 8]
0 ====> 772 [2, 4, 4, 7, 7, 9]
1 ====> 773 [2, 4, 4, 7, 8, 9]
4
5
2 ====> 774 [2, 4, 4, 7, 8, 8]
0 ====> 775 [2, 4, 4, 7, 8, 9]
1 ====> 776 [2, 4, 4, 7, 9, 9]
1 ====> 777 [2, 4, 4, 8, 9, 9]
3
4
5
2 ====> 778 [2, 4, 4, 8, 8, 8]
0 ====> 779 [2, 4, 4, 8, 8, 9]
1 ====> 780 [2, 4, 4, 8, 9, 9]
1 ====> 781 [2, 4, 4, 9, 9, 9]
1 ====> 782 [2, 4, 5, 9, 9, 9]
2
3
4
5
2 ====> 783 [2, 4, 5, 5, 5, 5]
0 ====> 784 [2, 4, 5, 5, 5, 6]
0 ====> 785 [2, 4, 5, 5, 5, 7]
0 ====> 786 [2, 4, 5, 5, 5, 8]
0 ====> 787 [2, 4, 5, 5, 5, 9]
1 ====> 788 [2, 4, 5, 5, 6, 9]
4
5
2 ====> 789 [2, 4, 5, 5, 6, 6]
0 ====> 790 [2, 4, 5, 5, 6, 7]
0 ====> 791 [2, 4, 5, 5, 6, 8]
0 ====> 792 [2, 4, 5, 5, 6, 9]
1 ====> 793 [2, 4, 5, 5, 7, 9]
4
5
2 ====> 794 [2, 4, 5, 5, 7, 7]
0 ====> 795 [2, 4, 5, 5, 7, 8]
0 ====> 796 [2, 4, 5, 5, 7, 9]
1 ====> 797 [2, 4, 5, 5, 8, 9]
4
5
2 ====> 798 [2, 4, 5, 5, 8, 8]
0 ====> 799 [2, 4, 5, 5, 8, 9]
1 ====> 800 [2, 4, 5, 5, 9, 9]
1 ====> 801 [2, 4, 5, 6, 9, 9]
3
4
5
2 ====> 802 [2, 4, 5, 6, 6, 6]
0 ====> 803 [2, 4, 5, 6, 6, 7]
0 ====> 804 [2, 4, 5, 6, 6, 8]
0 ====> 805 [2, 4, 5, 6, 6, 9]
1 ====> 806 [2, 4, 5, 6, 7, 9]
4
5
2 ====> 807 [2, 4, 5, 6, 7, 7]
0 ====> 808 [2, 4, 5, 6, 7, 8]
0 ====> 809 [2, 4, 5, 6, 7, 9]
1 ====> 810 [2, 4, 5, 6, 8, 9]
4
5
2 ====> 811 [2, 4, 5, 6, 8, 8]
0 ====> 812 [2, 4, 5, 6, 8, 9]
1 ====> 813 [2, 4, 5, 6, 9, 9]
1 ====> 814 [2, 4, 5, 7, 9, 9]
3
4
5
2 ====> 815 [2, 4, 5, 7, 7, 7]
0 ====> 816 [2, 4, 5, 7, 7, 8]
0 ====> 817 [2, 4, 5, 7, 7, 9]
1 ====> 818 [2, 4, 5, 7, 8, 9]
4
5
2 ====> 819 [2, 4, 5, 7, 8, 8]
0 ====> 820 [2, 4, 5, 7, 8, 9]
1 ====> 821 [2, 4, 5, 7, 9, 9]
1 ====> 822 [2, 4, 5, 8, 9, 9]
3
4
5
2 ====> 823 [2, 4, 5, 8, 8, 8]
0 ====> 824 [2, 4, 5, 8, 8, 9]
1 ====> 825 [2, 4, 5, 8, 9, 9]
1 ====> 826 [2, 4, 5, 9, 9, 9]
1 ====> 827 [2, 4, 6, 9, 9, 9]
2
3
4
5
2 ====> 828 [2, 4, 6, 6, 6, 6]
0 ====> 829 [2, 4, 6, 6, 6, 7]
0 ====> 830 [2, 4, 6, 6, 6, 8]
0 ====> 831 [2, 4, 6, 6, 6, 9]
1 ====> 832 [2, 4, 6, 6, 7, 9]
4
5
2 ====> 833 [2, 4, 6, 6, 7, 7]
0 ====> 834 [2, 4, 6, 6, 7, 8]
0 ====> 835 [2, 4, 6, 6, 7, 9]
1 ====> 836 [2, 4, 6, 6, 8, 9]
4
5
2 ====> 837 [2, 4, 6, 6, 8, 8]
0 ====> 838 [2, 4, 6, 6, 8, 9]
1 ====> 839 [2, 4, 6, 6, 9, 9]
1 ====> 840 [2, 4, 6, 7, 9, 9]
3
4
5
2 ====> 841 [2, 4, 6, 7, 7, 7]
0 ====> 842 [2, 4, 6, 7, 7, 8]
0 ====> 843 [2, 4, 6, 7, 7, 9]
1 ====> 844 [2, 4, 6, 7, 8, 9]
4
5
2 ====> 845 [2, 4, 6, 7, 8, 8]
0 ====> 846 [2, 4, 6, 7, 8, 9]
1 ====> 847 [2, 4, 6, 7, 9, 9]
1 ====> 848 [2, 4, 6, 8, 9, 9]
3
4
5
2 ====> 849 [2, 4, 6, 8, 8, 8]
0 ====> 850 [2, 4, 6, 8, 8, 9]
1 ====> 851 [2, 4, 6, 8, 9, 9]
1 ====> 852 [2, 4, 6, 9, 9, 9]
1 ====> 853 [2, 4, 7, 9, 9, 9]
2
3
4
5
2 ====> 854 [2, 4, 7, 7, 7, 7]
0 ====> 855 [2, 4, 7, 7, 7, 8]
0 ====> 856 [2, 4, 7, 7, 7, 9]
1 ====> 857 [2, 4, 7, 7, 8, 9]
4
5
2 ====> 858 [2, 4, 7, 7, 8, 8]
0 ====> 859 [2, 4, 7, 7, 8, 9]
1 ====> 860 [2, 4, 7, 7, 9, 9]
1 ====> 861 [2, 4, 7, 8, 9, 9]
3
4
5
2 ====> 862 [2, 4, 7, 8, 8, 8]
0 ====> 863 [2, 4, 7, 8, 8, 9]
1 ====> 864 [2, 4, 7, 8, 9, 9]
1 ====> 865 [2, 4, 7, 9, 9, 9]
1 ====> 866 [2, 4, 8, 9, 9, 9]
2
3
4
5
2 ====> 867 [2, 4, 8, 8, 8, 8]
0 ====> 868 [2, 4, 8, 8, 8, 9]
1 ====> 869 [2, 4, 8, 8, 9, 9]
1 ====> 870 [2, 4, 8, 9, 9, 9]
1 ====> 871 [2, 4, 9, 9, 9, 9]
1 ====> 872 [2, 5, 9, 9, 9, 9]
1
2
3
4
5
2 ====> 873 [2, 5, 5, 5, 5, 5]
0 ====> 874 [2, 5, 5, 5, 5, 6]
0 ====> 875 [2, 5, 5, 5, 5, 7]
0 ====> 876 [2, 5, 5, 5, 5, 8]
0 ====> 877 [2, 5, 5, 5, 5, 9]
1 ====> 878 [2, 5, 5, 5, 6, 9]
4
5
2 ====> 879 [2, 5, 5, 5, 6, 6]
0 ====> 880 [2, 5, 5, 5, 6, 7]
0 ====> 881 [2, 5, 5, 5, 6, 8]
0 ====> 882 [2, 5, 5, 5, 6, 9]
1 ====> 883 [2, 5, 5, 5, 7, 9]
4
5
2 ====> 884 [2, 5, 5, 5, 7, 7]
0 ====> 885 [2, 5, 5, 5, 7, 8]
0 ====> 886 [2, 5, 5, 5, 7, 9]
1 ====> 887 [2, 5, 5, 5, 8, 9]
4
5
2 ====> 888 [2, 5, 5, 5, 8, 8]
0 ====> 889 [2, 5, 5, 5, 8, 9]
1 ====> 890 [2, 5, 5, 5, 9, 9]
1 ====> 891 [2, 5, 5, 6, 9, 9]
3
4
5
2 ====> 892 [2, 5, 5, 6, 6, 6]
0 ====> 893 [2, 5, 5, 6, 6, 7]
0 ====> 894 [2, 5, 5, 6, 6, 8]
0 ====> 895 [2, 5, 5, 6, 6, 9]
1 ====> 896 [2, 5, 5, 6, 7, 9]
4
5
2 ====> 897 [2, 5, 5, 6, 7, 7]
0 ====> 898 [2, 5, 5, 6, 7, 8]
0 ====> 899 [2, 5, 5, 6, 7, 9]
1 ====> 900 [2, 5, 5, 6, 8, 9]
4
5
2 ====> 901 [2, 5, 5, 6, 8, 8]
0 ====> 902 [2, 5, 5, 6, 8, 9]
1 ====> 903 [2, 5, 5, 6, 9, 9]
1 ====> 904 [2, 5, 5, 7, 9, 9]
3
4
5
2 ====> 905 [2, 5, 5, 7, 7, 7]
0 ====> 906 [2, 5, 5, 7, 7, 8]
0 ====> 907 [2, 5, 5, 7, 7, 9]
1 ====> 908 [2, 5, 5, 7, 8, 9]
4
5
2 ====> 909 [2, 5, 5, 7, 8, 8]
0 ====> 910 [2, 5, 5, 7, 8, 9]
1 ====> 911 [2, 5, 5, 7, 9, 9]
1 ====> 912 [2, 5, 5, 8, 9, 9]
3
4
5
2 ====> 913 [2, 5, 5, 8, 8, 8]
0 ====> 914 [2, 5, 5, 8, 8, 9]
1 ====> 915 [2, 5, 5, 8, 9, 9]
1 ====> 916 [2, 5, 5, 9, 9, 9]
1 ====> 917 [2, 5, 6, 9, 9, 9]
2
3
4
5
2 ====> 918 [2, 5, 6, 6, 6, 6]
0 ====> 919 [2, 5, 6, 6, 6, 7]
0 ====> 920 [2, 5, 6, 6, 6, 8]
0 ====> 921 [2, 5, 6, 6, 6, 9]
1 ====> 922 [2, 5, 6, 6, 7, 9]
4
5
2 ====> 923 [2, 5, 6, 6, 7, 7]
0 ====> 924 [2, 5, 6, 6, 7, 8]
0 ====> 925 [2, 5, 6, 6, 7, 9]
1 ====> 926 [2, 5, 6, 6, 8, 9]
4
5
2 ====> 927 [2, 5, 6, 6, 8, 8]
0 ====> 928 [2, 5, 6, 6, 8, 9]
1 ====> 929 [2, 5, 6, 6, 9, 9]
1 ====> 930 [2, 5, 6, 7, 9, 9]
3
4
5
2 ====> 931 [2, 5, 6, 7, 7, 7]
0 ====> 932 [2, 5, 6, 7, 7, 8]
0 ====> 933 [2, 5, 6, 7, 7, 9]
1 ====> 934 [2, 5, 6, 7, 8, 9]
4
5
2 ====> 935 [2, 5, 6, 7, 8, 8]
0 ====> 936 [2, 5, 6, 7, 8, 9]
1 ====> 937 [2, 5, 6, 7, 9, 9]
1 ====> 938 [2, 5, 6, 8, 9, 9]
3
4
5
2 ====> 939 [2, 5, 6, 8, 8, 8]
0 ====> 940 [2, 5, 6, 8, 8, 9]
1 ====> 941 [2, 5, 6, 8, 9, 9]
1 ====> 942 [2, 5, 6, 9, 9, 9]
1 ====> 943 [2, 5, 7, 9, 9, 9]
2
3
4
5
2 ====> 944 [2, 5, 7, 7, 7, 7]
0 ====> 945 [2, 5, 7, 7, 7, 8]
0 ====> 946 [2, 5, 7, 7, 7, 9]
1 ====> 947 [2, 5, 7, 7, 8, 9]
4
5
2 ====> 948 [2, 5, 7, 7, 8, 8]
0 ====> 949 [2, 5, 7, 7, 8, 9]
1 ====> 950 [2, 5, 7, 7, 9, 9]
1 ====> 951 [2, 5, 7, 8, 9, 9]
3
4
5
2 ====> 952 [2, 5, 7, 8, 8, 8]
0 ====> 953 [2, 5, 7, 8, 8, 9]
1 ====> 954 [2, 5, 7, 8, 9, 9]
1 ====> 955 [2, 5, 7, 9, 9, 9]
1 ====> 956 [2, 5, 8, 9, 9, 9]
2
3
4
5
2 ====> 957 [2, 5, 8, 8, 8, 8]
0 ====> 958 [2, 5, 8, 8, 8, 9]
1 ====> 959 [2, 5, 8, 8, 9, 9]
1 ====> 960 [2, 5, 8, 9, 9, 9]
1 ====> 961 [2, 5, 9, 9, 9, 9]
1 ====> 962 [2, 6, 9, 9, 9, 9]
1
2
3
4
5
2 ====> 963 [2, 6, 6, 6, 6, 6]
0 ====> 964 [2, 6, 6, 6, 6, 7]
0 ====> 965 [2, 6, 6, 6, 6, 8]
0 ====> 966 [2, 6, 6, 6, 6, 9]
1 ====> 967 [2, 6, 6, 6, 7, 9]
4
5
2 ====> 968 [2, 6, 6, 6, 7, 7]
0 ====> 969 [2, 6, 6, 6, 7, 8]
0 ====> 970 [2, 6, 6, 6, 7, 9]
1 ====> 971 [2, 6, 6, 6, 8, 9]
4
5
2 ====> 972 [2, 6, 6, 6, 8, 8]
0 ====> 973 [2, 6, 6, 6, 8, 9]
1 ====> 974 [2, 6, 6, 6, 9, 9]
1 ====> 975 [2, 6, 6, 7, 9, 9]
3
4
5
2 ====> 976 [2, 6, 6, 7, 7, 7]
0 ====> 977 [2, 6, 6, 7, 7, 8]
0 ====> 978 [2, 6, 6, 7, 7, 9]
1 ====> 979 [2, 6, 6, 7, 8, 9]
4
5
2 ====> 980 [2, 6, 6, 7, 8, 8]
0 ====> 981 [2, 6, 6, 7, 8, 9]
1 ====> 982 [2, 6, 6, 7, 9, 9]
1 ====> 983 [2, 6, 6, 8, 9, 9]
3
4
5
2 ====> 984 [2, 6, 6, 8, 8, 8]
0 ====> 985 [2, 6, 6, 8, 8, 9]
1 ====> 986 [2, 6, 6, 8, 9, 9]
1 ====> 987 [2, 6, 6, 9, 9, 9]
1 ====> 988 [2, 6, 7, 9, 9, 9]
2
3
4
5
2 ====> 989 [2, 6, 7, 7, 7, 7]
0 ====> 990 [2, 6, 7, 7, 7, 8]
0 ====> 991 [2, 6, 7, 7, 7, 9]
1 ====> 992 [2, 6, 7, 7, 8, 9]
4
5
2 ====> 993 [2, 6, 7, 7, 8, 8]
0 ====> 994 [2, 6, 7, 7, 8, 9]
1 ====> 995 [2, 6, 7, 7, 9, 9]
1 ====> 996 [2, 6, 7, 8, 9, 9]
3
4
5
2 ====> 997 [2, 6, 7, 8, 8, 8]
0 ====> 998 [2, 6, 7, 8, 8, 9]
1 ====> 999 [2, 6, 7, 8, 9, 9]
1 ====> 1000 [2, 6, 7, 9, 9, 9]
1 ====> 1001 [2, 6, 8, 9, 9, 9]
2
3
4
5
2 ====> 1002 [2, 6, 8, 8, 8, 8]
0 ====> 1003 [2, 6, 8, 8, 8, 9]
1 ====> 1004 [2, 6, 8, 8, 9, 9]
1 ====> 1005 [2, 6, 8, 9, 9, 9]
1 ====> 1006 [2, 6, 9, 9, 9, 9]
1 ====> 1007 [2, 7, 9, 9, 9, 9]
1
2
3
4
5
2 ====> 1008 [2, 7, 7, 7, 7, 7]
0 ====> 1009 [2, 7, 7, 7, 7, 8]
0 ====> 1010 [2, 7, 7, 7, 7, 9]
1 ====> 1011 [2, 7, 7, 7, 8, 9]
4
5
2 ====> 1012 [2, 7, 7, 7, 8, 8]
0 ====> 1013 [2, 7, 7, 7, 8, 9]
1 ====> 1014 [2, 7, 7, 7, 9, 9]
1 ====> 1015 [2, 7, 7, 8, 9, 9]
3
4
5
2 ====> 1016 [2, 7, 7, 8, 8, 8]
0 ====> 1017 [2, 7, 7, 8, 8, 9]
1 ====> 1018 [2, 7, 7, 8, 9, 9]
1 ====> 1019 [2, 7, 7, 9, 9, 9]
1 ====> 1020 [2, 7, 8, 9, 9, 9]
2
3
4
5
2 ====> 1021 [2, 7, 8, 8, 8, 8]
0 ====> 1022 [2, 7, 8, 8, 8, 9]
1 ====> 1023 [2, 7, 8, 8, 9, 9]
1 ====> 1024 [2, 7, 8, 9, 9, 9]
1 ====> 1025 [2, 7, 9, 9, 9, 9]
1 ====> 1026 [2, 8, 9, 9, 9, 9]
1
2
3
4
5
2 ====> 1027 [2, 8, 8, 8, 8, 8]
0 ====> 1028 [2, 8, 8, 8, 8, 9]
1 ====> 1029 [2, 8, 8, 8, 9, 9]
1 ====> 1030 [2, 8, 8, 9, 9, 9]
1 ====> 1031 [2, 8, 9, 9, 9, 9]
1 ====> 1032 [2, 9, 9, 9, 9, 9]
1 ====> 1033 [3, 9, 9, 9, 9, 9]
0
1
2
3
4
5
2 ====> 1034 [3, 3, 3, 3, 3, 3]
0 ====> 1035 [3, 3, 3, 3, 3, 4]
0 ====> 1036 [3, 3, 3, 3, 3, 5]
0 ====> 1037 [3, 3, 3, 3, 3, 6]
0 ====> 1038 [3, 3, 3, 3, 3, 7]
0 ====> 1039 [3, 3, 3, 3, 3, 8]
0 ====> 1040 [3, 3, 3, 3, 3, 9]
1 ====> 1041 [3, 3, 3, 3, 4, 9]
4
5
2 ====> 1042 [3, 3, 3, 3, 4, 4]
0 ====> 1043 [3, 3, 3, 3, 4, 5]
0 ====> 1044 [3, 3, 3, 3, 4, 6]
0 ====> 1045 [3, 3, 3, 3, 4, 7]
0 ====> 1046 [3, 3, 3, 3, 4, 8]
0 ====> 1047 [3, 3, 3, 3, 4, 9]
1 ====> 1048 [3, 3, 3, 3, 5, 9]
4
5
2 ====> 1049 [3, 3, 3, 3, 5, 5]
0 ====> 1050 [3, 3, 3, 3, 5, 6]
0 ====> 1051 [3, 3, 3, 3, 5, 7]
0 ====> 1052 [3, 3, 3, 3, 5, 8]
0 ====> 1053 [3, 3, 3, 3, 5, 9]
1 ====> 1054 [3, 3, 3, 3, 6, 9]
4
5
2 ====> 1055 [3, 3, 3, 3, 6, 6]
0 ====> 1056 [3, 3, 3, 3, 6, 7]
0 ====> 1057 [3, 3, 3, 3, 6, 8]
0 ====> 1058 [3, 3, 3, 3, 6, 9]
1 ====> 1059 [3, 3, 3, 3, 7, 9]
4
5
2 ====> 1060 [3, 3, 3, 3, 7, 7]
0 ====> 1061 [3, 3, 3, 3, 7, 8]
0 ====> 1062 [3, 3, 3, 3, 7, 9]
1 ====> 1063 [3, 3, 3, 3, 8, 9]
4
5
2 ====> 1064 [3, 3, 3, 3, 8, 8]
0 ====> 1065 [3, 3, 3, 3, 8, 9]
1 ====> 1066 [3, 3, 3, 3, 9, 9]
1 ====> 1067 [3, 3, 3, 4, 9, 9]
3
4
5
2 ====> 1068 [3, 3, 3, 4, 4, 4]
0 ====> 1069 [3, 3, 3, 4, 4, 5]
0 ====> 1070 [3, 3, 3, 4, 4, 6]
0 ====> 1071 [3, 3, 3, 4, 4, 7]
0 ====> 1072 [3, 3, 3, 4, 4, 8]
0 ====> 1073 [3, 3, 3, 4, 4, 9]
1 ====> 1074 [3, 3, 3, 4, 5, 9]
4
5
2 ====> 1075 [3, 3, 3, 4, 5, 5]
0 ====> 1076 [3, 3, 3, 4, 5, 6]
0 ====> 1077 [3, 3, 3, 4, 5, 7]
0 ====> 1078 [3, 3, 3, 4, 5, 8]
0 ====> 1079 [3, 3, 3, 4, 5, 9]
1 ====> 1080 [3, 3, 3, 4, 6, 9]
4
5
2 ====> 1081 [3, 3, 3, 4, 6, 6]
0 ====> 1082 [3, 3, 3, 4, 6, 7]
0 ====> 1083 [3, 3, 3, 4, 6, 8]
0 ====> 1084 [3, 3, 3, 4, 6, 9]
1 ====> 1085 [3, 3, 3, 4, 7, 9]
4
5
2 ====> 1086 [3, 3, 3, 4, 7, 7]
0 ====> 1087 [3, 3, 3, 4, 7, 8]
0 ====> 1088 [3, 3, 3, 4, 7, 9]
1 ====> 1089 [3, 3, 3, 4, 8, 9]
4
5
2 ====> 1090 [3, 3, 3, 4, 8, 8]
0 ====> 1091 [3, 3, 3, 4, 8, 9]
1 ====> 1092 [3, 3, 3, 4, 9, 9]
1 ====> 1093 [3, 3, 3, 5, 9, 9]
3
4
5
2 ====> 1094 [3, 3, 3, 5, 5, 5]
0 ====> 1095 [3, 3, 3, 5, 5, 6]
0 ====> 1096 [3, 3, 3, 5, 5, 7]
0 ====> 1097 [3, 3, 3, 5, 5, 8]
0 ====> 1098 [3, 3, 3, 5, 5, 9]
1 ====> 1099 [3, 3, 3, 5, 6, 9]
4
5
2 ====> 1100 [3, 3, 3, 5, 6, 6]
0 ====> 1101 [3, 3, 3, 5, 6, 7]
0 ====> 1102 [3, 3, 3, 5, 6, 8]
0 ====> 1103 [3, 3, 3, 5, 6, 9]
1 ====> 1104 [3, 3, 3, 5, 7, 9]
4
5
2 ====> 1105 [3, 3, 3, 5, 7, 7]
0 ====> 1106 [3, 3, 3, 5, 7, 8]
0 ====> 1107 [3, 3, 3, 5, 7, 9]
1 ====> 1108 [3, 3, 3, 5, 8, 9]
4
5
2 ====> 1109 [3, 3, 3, 5, 8, 8]
0 ====> 1110 [3, 3, 3, 5, 8, 9]
1 ====> 1111 [3, 3, 3, 5, 9, 9]
1 ====> 1112 [3, 3, 3, 6, 9, 9]
3
4
5
2 ====> 1113 [3, 3, 3, 6, 6, 6]
0 ====> 1114 [3, 3, 3, 6, 6, 7]
0 ====> 1115 [3, 3, 3, 6, 6, 8]
0 ====> 1116 [3, 3, 3, 6, 6, 9]
1 ====> 1117 [3, 3, 3, 6, 7, 9]
4
5
2 ====> 1118 [3, 3, 3, 6, 7, 7]
0 ====> 1119 [3, 3, 3, 6, 7, 8]
0 ====> 1120 [3, 3, 3, 6, 7, 9]
1 ====> 1121 [3, 3, 3, 6, 8, 9]
4
5
2 ====> 1122 [3, 3, 3, 6, 8, 8]
0 ====> 1123 [3, 3, 3, 6, 8, 9]
1 ====> 1124 [3, 3, 3, 6, 9, 9]
1 ====> 1125 [3, 3, 3, 7, 9, 9]
3
4
5
2 ====> 1126 [3, 3, 3, 7, 7, 7]
0 ====> 1127 [3, 3, 3, 7, 7, 8]
0 ====> 1128 [3, 3, 3, 7, 7, 9]
1 ====> 1129 [3, 3, 3, 7, 8, 9]
4
5
2 ====> 1130 [3, 3, 3, 7, 8, 8]
0 ====> 1131 [3, 3, 3, 7, 8, 9]
1 ====> 1132 [3, 3, 3, 7, 9, 9]
1 ====> 1133 [3, 3, 3, 8, 9, 9]
3
4
5
2 ====> 1134 [3, 3, 3, 8, 8, 8]
0 ====> 1135 [3, 3, 3, 8, 8, 9]
1 ====> 1136 [3, 3, 3, 8, 9, 9]
1 ====> 1137 [3, 3, 3, 9, 9, 9]
1 ====> 1138 [3, 3, 4, 9, 9, 9]
2
3
4
5
2 ====> 1139 [3, 3, 4, 4, 4, 4]
0 ====> 1140 [3, 3, 4, 4, 4, 5]
0 ====> 1141 [3, 3, 4, 4, 4, 6]
0 ====> 1142 [3, 3, 4, 4, 4, 7]
0 ====> 1143 [3, 3, 4, 4, 4, 8]
0 ====> 1144 [3, 3, 4, 4, 4, 9]
1 ====> 1145 [3, 3, 4, 4, 5, 9]
4
5
2 ====> 1146 [3, 3, 4, 4, 5, 5]
0 ====> 1147 [3, 3, 4, 4, 5, 6]
0 ====> 1148 [3, 3, 4, 4, 5, 7]
0 ====> 1149 [3, 3, 4, 4, 5, 8]
0 ====> 1150 [3, 3, 4, 4, 5, 9]
1 ====> 1151 [3, 3, 4, 4, 6, 9]
4
5
2 ====> 1152 [3, 3, 4, 4, 6, 6]
0 ====> 1153 [3, 3, 4, 4, 6, 7]
0 ====> 1154 [3, 3, 4, 4, 6, 8]
0 ====> 1155 [3, 3, 4, 4, 6, 9]
1 ====> 1156 [3, 3, 4, 4, 7, 9]
4
5
2 ====> 1157 [3, 3, 4, 4, 7, 7]
0 ====> 1158 [3, 3, 4, 4, 7, 8]
0 ====> 1159 [3, 3, 4, 4, 7, 9]
1 ====> 1160 [3, 3, 4, 4, 8, 9]
4
5
2 ====> 1161 [3, 3, 4, 4, 8, 8]
0 ====> 1162 [3, 3, 4, 4, 8, 9]
1 ====> 1163 [3, 3, 4, 4, 9, 9]
1 ====> 1164 [3, 3, 4, 5, 9, 9]
3
4
5
2 ====> 1165 [3, 3, 4, 5, 5, 5]
0 ====> 1166 [3, 3, 4, 5, 5, 6]
0 ====> 1167 [3, 3, 4, 5, 5, 7]
0 ====> 1168 [3, 3, 4, 5, 5, 8]
0 ====> 1169 [3, 3, 4, 5, 5, 9]
1 ====> 1170 [3, 3, 4, 5, 6, 9]
4
5
2 ====> 1171 [3, 3, 4, 5, 6, 6]
0 ====> 1172 [3, 3, 4, 5, 6, 7]
0 ====> 1173 [3, 3, 4, 5, 6, 8]
0 ====> 1174 [3, 3, 4, 5, 6, 9]
1 ====> 1175 [3, 3, 4, 5, 7, 9]
4
5
2 ====> 1176 [3, 3, 4, 5, 7, 7]
0 ====> 1177 [3, 3, 4, 5, 7, 8]
0 ====> 1178 [3, 3, 4, 5, 7, 9]
1 ====> 1179 [3, 3, 4, 5, 8, 9]
4
5
2 ====> 1180 [3, 3, 4, 5, 8, 8]
0 ====> 1181 [3, 3, 4, 5, 8, 9]
1 ====> 1182 [3, 3, 4, 5, 9, 9]
1 ====> 1183 [3, 3, 4, 6, 9, 9]
3
4
5
2 ====> 1184 [3, 3, 4, 6, 6, 6]
0 ====> 1185 [3, 3, 4, 6, 6, 7]
0 ====> 1186 [3, 3, 4, 6, 6, 8]
0 ====> 1187 [3, 3, 4, 6, 6, 9]
1 ====> 1188 [3, 3, 4, 6, 7, 9]
4
5
2 ====> 1189 [3, 3, 4, 6, 7, 7]
0 ====> 1190 [3, 3, 4, 6, 7, 8]
0 ====> 1191 [3, 3, 4, 6, 7, 9]
1 ====> 1192 [3, 3, 4, 6, 8, 9]
4
5
2 ====> 1193 [3, 3, 4, 6, 8, 8]
0 ====> 1194 [3, 3, 4, 6, 8, 9]
1 ====> 1195 [3, 3, 4, 6, 9, 9]
1 ====> 1196 [3, 3, 4, 7, 9, 9]
3
4
5
2 ====> 1197 [3, 3, 4, 7, 7, 7]
0 ====> 1198 [3, 3, 4, 7, 7, 8]
0 ====> 1199 [3, 3, 4, 7, 7, 9]
1 ====> 1200 [3, 3, 4, 7, 8, 9]
4
5
2 ====> 1201 [3, 3, 4, 7, 8, 8]
0 ====> 1202 [3, 3, 4, 7, 8, 9]
1 ====> 1203 [3, 3, 4, 7, 9, 9]
1 ====> 1204 [3, 3, 4, 8, 9, 9]
3
4
5
2 ====> 1205 [3, 3, 4, 8, 8, 8]
0 ====> 1206 [3, 3, 4, 8, 8, 9]
1 ====> 1207 [3, 3, 4, 8, 9, 9]
1 ====> 1208 [3, 3, 4, 9, 9, 9]
1 ====> 1209 [3, 3, 5, 9, 9, 9]
2
3
4
5
2 ====> 1210 [3, 3, 5, 5, 5, 5]
0 ====> 1211 [3, 3, 5, 5, 5, 6]
0 ====> 1212 [3, 3, 5, 5, 5, 7]
0 ====> 1213 [3, 3, 5, 5, 5, 8]
0 ====> 1214 [3, 3, 5, 5, 5, 9]
1 ====> 1215 [3, 3, 5, 5, 6, 9]
4
5
2 ====> 1216 [3, 3, 5, 5, 6, 6]
0 ====> 1217 [3, 3, 5, 5, 6, 7]
0 ====> 1218 [3, 3, 5, 5, 6, 8]
0 ====> 1219 [3, 3, 5, 5, 6, 9]
1 ====> 1220 [3, 3, 5, 5, 7, 9]
4
5
2 ====> 1221 [3, 3, 5, 5, 7, 7]
0 ====> 1222 [3, 3, 5, 5, 7, 8]
0 ====> 1223 [3, 3, 5, 5, 7, 9]
1 ====> 1224 [3, 3, 5, 5, 8, 9]
4
5
2 ====> 1225 [3, 3, 5, 5, 8, 8]
0 ====> 1226 [3, 3, 5, 5, 8, 9]
1 ====> 1227 [3, 3, 5, 5, 9, 9]
1 ====> 1228 [3, 3, 5, 6, 9, 9]
3
4
5
2 ====> 1229 [3, 3, 5, 6, 6, 6]
0 ====> 1230 [3, 3, 5, 6, 6, 7]
0 ====> 1231 [3, 3, 5, 6, 6, 8]
0 ====> 1232 [3, 3, 5, 6, 6, 9]
1 ====> 1233 [3, 3, 5, 6, 7, 9]
4
5
2 ====> 1234 [3, 3, 5, 6, 7, 7]
0 ====> 1235 [3, 3, 5, 6, 7, 8]
0 ====> 1236 [3, 3, 5, 6, 7, 9]
1 ====> 1237 [3, 3, 5, 6, 8, 9]
4
5
2 ====> 1238 [3, 3, 5, 6, 8, 8]
0 ====> 1239 [3, 3, 5, 6, 8, 9]
1 ====> 1240 [3, 3, 5, 6, 9, 9]
1 ====> 1241 [3, 3, 5, 7, 9, 9]
3
4
5
2 ====> 1242 [3, 3, 5, 7, 7, 7]
0 ====> 1243 [3, 3, 5, 7, 7, 8]
0 ====> 1244 [3, 3, 5, 7, 7, 9]
1 ====> 1245 [3, 3, 5, 7, 8, 9]
4
5
2 ====> 1246 [3, 3, 5, 7, 8, 8]
0 ====> 1247 [3, 3, 5, 7, 8, 9]
1 ====> 1248 [3, 3, 5, 7, 9, 9]
1 ====> 1249 [3, 3, 5, 8, 9, 9]
3
4
5
2 ====> 1250 [3, 3, 5, 8, 8, 8]
0 ====> 1251 [3, 3, 5, 8, 8, 9]
1 ====> 1252 [3, 3, 5, 8, 9, 9]
1 ====> 1253 [3, 3, 5, 9, 9, 9]
1 ====> 1254 [3, 3, 6, 9, 9, 9]
2
3
4
5
2 ====> 1255 [3, 3, 6, 6, 6, 6]
0 ====> 1256 [3, 3, 6, 6, 6, 7]
0 ====> 1257 [3, 3, 6, 6, 6, 8]
0 ====> 1258 [3, 3, 6, 6, 6, 9]
1 ====> 1259 [3, 3, 6, 6, 7, 9]
4
5
2 ====> 1260 [3, 3, 6, 6, 7, 7]
0 ====> 1261 [3, 3, 6, 6, 7, 8]
0 ====> 1262 [3, 3, 6, 6, 7, 9]
1 ====> 1263 [3, 3, 6, 6, 8, 9]
4
5
2 ====> 1264 [3, 3, 6, 6, 8, 8]
0 ====> 1265 [3, 3, 6, 6, 8, 9]
1 ====> 1266 [3, 3, 6, 6, 9, 9]
1 ====> 1267 [3, 3, 6, 7, 9, 9]
3
4
5
2 ====> 1268 [3, 3, 6, 7, 7, 7]
0 ====> 1269 [3, 3, 6, 7, 7, 8]
0 ====> 1270 [3, 3, 6, 7, 7, 9]
1 ====> 1271 [3, 3, 6, 7, 8, 9]
4
5
2 ====> 1272 [3, 3, 6, 7, 8, 8]
0 ====> 1273 [3, 3, 6, 7, 8, 9]
1 ====> 1274 [3, 3, 6, 7, 9, 9]
1 ====> 1275 [3, 3, 6, 8, 9, 9]
3
4
5
2 ====> 1276 [3, 3, 6, 8, 8, 8]
0 ====> 1277 [3, 3, 6, 8, 8, 9]
1 ====> 1278 [3, 3, 6, 8, 9, 9]
1 ====> 1279 [3, 3, 6, 9, 9, 9]
1 ====> 1280 [3, 3, 7, 9, 9, 9]
2
3
4
5
2 ====> 1281 [3, 3, 7, 7, 7, 7]
0 ====> 1282 [3, 3, 7, 7, 7, 8]
0 ====> 1283 [3, 3, 7, 7, 7, 9]
1 ====> 1284 [3, 3, 7, 7, 8, 9]
4
5
2 ====> 1285 [3, 3, 7, 7, 8, 8]
0 ====> 1286 [3, 3, 7, 7, 8, 9]
1 ====> 1287 [3, 3, 7, 7, 9, 9]
1 ====> 1288 [3, 3, 7, 8, 9, 9]
3
4
5
2 ====> 1289 [3, 3, 7, 8, 8, 8]
0 ====> 1290 [3, 3, 7, 8, 8, 9]
1 ====> 1291 [3, 3, 7, 8, 9, 9]
1 ====> 1292 [3, 3, 7, 9, 9, 9]
1 ====> 1293 [3, 3, 8, 9, 9, 9]
2
3
4
5
2 ====> 1294 [3, 3, 8, 8, 8, 8]
0 ====> 1295 [3, 3, 8, 8, 8, 9]
1 ====> 1296 [3, 3, 8, 8, 9, 9]
1 ====> 1297 [3, 3, 8, 9, 9, 9]
1 ====> 1298 [3, 3, 9, 9, 9, 9]
1 ====> 1299 [3, 4, 9, 9, 9, 9]
1
2
3
4
5
2 ====> 1300 [3, 4, 4, 4, 4, 4]
0 ====> 1301 [3, 4, 4, 4, 4, 5]
0 ====> 1302 [3, 4, 4, 4, 4, 6]
0 ====> 1303 [3, 4, 4, 4, 4, 7]
0 ====> 1304 [3, 4, 4, 4, 4, 8]
0 ====> 1305 [3, 4, 4, 4, 4, 9]
1 ====> 1306 [3, 4, 4, 4, 5, 9]
4
5
2 ====> 1307 [3, 4, 4, 4, 5, 5]
0 ====> 1308 [3, 4, 4, 4, 5, 6]
0 ====> 1309 [3, 4, 4, 4, 5, 7]
0 ====> 1310 [3, 4, 4, 4, 5, 8]
0 ====> 1311 [3, 4, 4, 4, 5, 9]
1 ====> 1312 [3, 4, 4, 4, 6, 9]
4
5
2 ====> 1313 [3, 4, 4, 4, 6, 6]
0 ====> 1314 [3, 4, 4, 4, 6, 7]
0 ====> 1315 [3, 4, 4, 4, 6, 8]
0 ====> 1316 [3, 4, 4, 4, 6, 9]
1 ====> 1317 [3, 4, 4, 4, 7, 9]
4
5
2 ====> 1318 [3, 4, 4, 4, 7, 7]
0 ====> 1319 [3, 4, 4, 4, 7, 8]
0 ====> 1320 [3, 4, 4, 4, 7, 9]
1 ====> 1321 [3, 4, 4, 4, 8, 9]
4
5
2 ====> 1322 [3, 4, 4, 4, 8, 8]
0 ====> 1323 [3, 4, 4, 4, 8, 9]
1 ====> 1324 [3, 4, 4, 4, 9, 9]
1 ====> 1325 [3, 4, 4, 5, 9, 9]
3
4
5
2 ====> 1326 [3, 4, 4, 5, 5, 5]
0 ====> 1327 [3, 4, 4, 5, 5, 6]
0 ====> 1328 [3, 4, 4, 5, 5, 7]
0 ====> 1329 [3, 4, 4, 5, 5, 8]
0 ====> 1330 [3, 4, 4, 5, 5, 9]
1 ====> 1331 [3, 4, 4, 5, 6, 9]
4
5
2 ====> 1332 [3, 4, 4, 5, 6, 6]
0 ====> 1333 [3, 4, 4, 5, 6, 7]
0 ====> 1334 [3, 4, 4, 5, 6, 8]
0 ====> 1335 [3, 4, 4, 5, 6, 9]
1 ====> 1336 [3, 4, 4, 5, 7, 9]
4
5
2 ====> 1337 [3, 4, 4, 5, 7, 7]
0 ====> 1338 [3, 4, 4, 5, 7, 8]
0 ====> 1339 [3, 4, 4, 5, 7, 9]
1 ====> 1340 [3, 4, 4, 5, 8, 9]
4
5
2 ====> 1341 [3, 4, 4, 5, 8, 8]
0 ====> 1342 [3, 4, 4, 5, 8, 9]
1 ====> 1343 [3, 4, 4, 5, 9, 9]
1 ====> 1344 [3, 4, 4, 6, 9, 9]
3
4
5
2 ====> 1345 [3, 4, 4, 6, 6, 6]
0 ====> 1346 [3, 4, 4, 6, 6, 7]
0 ====> 1347 [3, 4, 4, 6, 6, 8]
0 ====> 1348 [3, 4, 4, 6, 6, 9]
1 ====> 1349 [3, 4, 4, 6, 7, 9]
4
5
2 ====> 1350 [3, 4, 4, 6, 7, 7]
0 ====> 1351 [3, 4, 4, 6, 7, 8]
0 ====> 1352 [3, 4, 4, 6, 7, 9]
1 ====> 1353 [3, 4, 4, 6, 8, 9]
4
5
2 ====> 1354 [3, 4, 4, 6, 8, 8]
0 ====> 1355 [3, 4, 4, 6, 8, 9]
1 ====> 1356 [3, 4, 4, 6, 9, 9]
1 ====> 1357 [3, 4, 4, 7, 9, 9]
3
4
5
2 ====> 1358 [3, 4, 4, 7, 7, 7]
0 ====> 1359 [3, 4, 4, 7, 7, 8]
0 ====> 1360 [3, 4, 4, 7, 7, 9]
1 ====> 1361 [3, 4, 4, 7, 8, 9]
4
5
2 ====> 1362 [3, 4, 4, 7, 8, 8]
0 ====> 1363 [3, 4, 4, 7, 8, 9]
1 ====> 1364 [3, 4, 4, 7, 9, 9]
1 ====> 1365 [3, 4, 4, 8, 9, 9]
3
4
5
2 ====> 1366 [3, 4, 4, 8, 8, 8]
0 ====> 1367 [3, 4, 4, 8, 8, 9]
1 ====> 1368 [3, 4, 4, 8, 9, 9]
1 ====> 1369 [3, 4, 4, 9, 9, 9]
1 ====> 1370 [3, 4, 5, 9, 9, 9]
2
3
4
5
2 ====> 1371 [3, 4, 5, 5, 5, 5]
0 ====> 1372 [3, 4, 5, 5, 5, 6]
0 ====> 1373 [3, 4, 5, 5, 5, 7]
0 ====> 1374 [3, 4, 5, 5, 5, 8]
0 ====> 1375 [3, 4, 5, 5, 5, 9]
1 ====> 1376 [3, 4, 5, 5, 6, 9]
4
5
2 ====> 1377 [3, 4, 5, 5, 6, 6]
0 ====> 1378 [3, 4, 5, 5, 6, 7]
0 ====> 1379 [3, 4, 5, 5, 6, 8]
0 ====> 1380 [3, 4, 5, 5, 6, 9]
1 ====> 1381 [3, 4, 5, 5, 7, 9]
4
5
2 ====> 1382 [3, 4, 5, 5, 7, 7]
0 ====> 1383 [3, 4, 5, 5, 7, 8]
0 ====> 1384 [3, 4, 5, 5, 7, 9]
1 ====> 1385 [3, 4, 5, 5, 8, 9]
4
5
2 ====> 1386 [3, 4, 5, 5, 8, 8]
0 ====> 1387 [3, 4, 5, 5, 8, 9]
1 ====> 1388 [3, 4, 5, 5, 9, 9]
1 ====> 1389 [3, 4, 5, 6, 9, 9]
3
4
5
2 ====> 1390 [3, 4, 5, 6, 6, 6]
0 ====> 1391 [3, 4, 5, 6, 6, 7]
0 ====> 1392 [3, 4, 5, 6, 6, 8]
0 ====> 1393 [3, 4, 5, 6, 6, 9]
1 ====> 1394 [3, 4, 5, 6, 7, 9]
4
5
2 ====> 1395 [3, 4, 5, 6, 7, 7]
0 ====> 1396 [3, 4, 5, 6, 7, 8]
0 ====> 1397 [3, 4, 5, 6, 7, 9]
1 ====> 1398 [3, 4, 5, 6, 8, 9]
4
5
2 ====> 1399 [3, 4, 5, 6, 8, 8]
0 ====> 1400 [3, 4, 5, 6, 8, 9]
1 ====> 1401 [3, 4, 5, 6, 9, 9]
1 ====> 1402 [3, 4, 5, 7, 9, 9]
3
4
5
2 ====> 1403 [3, 4, 5, 7, 7, 7]
0 ====> 1404 [3, 4, 5, 7, 7, 8]
0 ====> 1405 [3, 4, 5, 7, 7, 9]
1 ====> 1406 [3, 4, 5, 7, 8, 9]
4
5
2 ====> 1407 [3, 4, 5, 7, 8, 8]
0 ====> 1408 [3, 4, 5, 7, 8, 9]
1 ====> 1409 [3, 4, 5, 7, 9, 9]
1 ====> 1410 [3, 4, 5, 8, 9, 9]
3
4
5
2 ====> 1411 [3, 4, 5, 8, 8, 8]
0 ====> 1412 [3, 4, 5, 8, 8, 9]
1 ====> 1413 [3, 4, 5, 8, 9, 9]
1 ====> 1414 [3, 4, 5, 9, 9, 9]
1 ====> 1415 [3, 4, 6, 9, 9, 9]
2
3
4
5
2 ====> 1416 [3, 4, 6, 6, 6, 6]
0 ====> 1417 [3, 4, 6, 6, 6, 7]
0 ====> 1418 [3, 4, 6, 6, 6, 8]
0 ====> 1419 [3, 4, 6, 6, 6, 9]
1 ====> 1420 [3, 4, 6, 6, 7, 9]
4
5
2 ====> 1421 [3, 4, 6, 6, 7, 7]
0 ====> 1422 [3, 4, 6, 6, 7, 8]
0 ====> 1423 [3, 4, 6, 6, 7, 9]
1 ====> 1424 [3, 4, 6, 6, 8, 9]
4
5
2 ====> 1425 [3, 4, 6, 6, 8, 8]
0 ====> 1426 [3, 4, 6, 6, 8, 9]
1 ====> 1427 [3, 4, 6, 6, 9, 9]
1 ====> 1428 [3, 4, 6, 7, 9, 9]
3
4
5
2 ====> 1429 [3, 4, 6, 7, 7, 7]
0 ====> 1430 [3, 4, 6, 7, 7, 8]
0 ====> 1431 [3, 4, 6, 7, 7, 9]
1 ====> 1432 [3, 4, 6, 7, 8, 9]
4
5
2 ====> 1433 [3, 4, 6, 7, 8, 8]
0 ====> 1434 [3, 4, 6, 7, 8, 9]
1 ====> 1435 [3, 4, 6, 7, 9, 9]
1 ====> 1436 [3, 4, 6, 8, 9, 9]
3
4
5
2 ====> 1437 [3, 4, 6, 8, 8, 8]
0 ====> 1438 [3, 4, 6, 8, 8, 9]
1 ====> 1439 [3, 4, 6, 8, 9, 9]
1 ====> 1440 [3, 4, 6, 9, 9, 9]
1 ====> 1441 [3, 4, 7, 9, 9, 9]
2
3
4
5
2 ====> 1442 [3, 4, 7, 7, 7, 7]
0 ====> 1443 [3, 4, 7, 7, 7, 8]
0 ====> 1444 [3, 4, 7, 7, 7, 9]
1 ====> 1445 [3, 4, 7, 7, 8, 9]
4
5
2 ====> 1446 [3, 4, 7, 7, 8, 8]
0 ====> 1447 [3, 4, 7, 7, 8, 9]
1 ====> 1448 [3, 4, 7, 7, 9, 9]
1 ====> 1449 [3, 4, 7, 8, 9, 9]
3
4
5
2 ====> 1450 [3, 4, 7, 8, 8, 8]
0 ====> 1451 [3, 4, 7, 8, 8, 9]
1 ====> 1452 [3, 4, 7, 8, 9, 9]
1 ====> 1453 [3, 4, 7, 9, 9, 9]
1 ====> 1454 [3, 4, 8, 9, 9, 9]
2
3
4
5
2 ====> 1455 [3, 4, 8, 8, 8, 8]
0 ====> 1456 [3, 4, 8, 8, 8, 9]
1 ====> 1457 [3, 4, 8, 8, 9, 9]
1 ====> 1458 [3, 4, 8, 9, 9, 9]
1 ====> 1459 [3, 4, 9, 9, 9, 9]
1 ====> 1460 [3, 5, 9, 9, 9, 9]
1
2
3
4
5
2 ====> 1461 [3, 5, 5, 5, 5, 5]
0 ====> 1462 [3, 5, 5, 5, 5, 6]
0 ====> 1463 [3, 5, 5, 5, 5, 7]
0 ====> 1464 [3, 5, 5, 5, 5, 8]
0 ====> 1465 [3, 5, 5, 5, 5, 9]
1 ====> 1466 [3, 5, 5, 5, 6, 9]
4
5
2 ====> 1467 [3, 5, 5, 5, 6, 6]
0 ====> 1468 [3, 5, 5, 5, 6, 7]
0 ====> 1469 [3, 5, 5, 5, 6, 8]
0 ====> 1470 [3, 5, 5, 5, 6, 9]
1 ====> 1471 [3, 5, 5, 5, 7, 9]
4
5
2 ====> 1472 [3, 5, 5, 5, 7, 7]
0 ====> 1473 [3, 5, 5, 5, 7, 8]
0 ====> 1474 [3, 5, 5, 5, 7, 9]
1 ====> 1475 [3, 5, 5, 5, 8, 9]
4
5
2 ====> 1476 [3, 5, 5, 5, 8, 8]
0 ====> 1477 [3, 5, 5, 5, 8, 9]
1 ====> 1478 [3, 5, 5, 5, 9, 9]
1 ====> 1479 [3, 5, 5, 6, 9, 9]
3
4
5
2 ====> 1480 [3, 5, 5, 6, 6, 6]
0 ====> 1481 [3, 5, 5, 6, 6, 7]
0 ====> 1482 [3, 5, 5, 6, 6, 8]
0 ====> 1483 [3, 5, 5, 6, 6, 9]
1 ====> 1484 [3, 5, 5, 6, 7, 9]
4
5
2 ====> 1485 [3, 5, 5, 6, 7, 7]
0 ====> 1486 [3, 5, 5, 6, 7, 8]
0 ====> 1487 [3, 5, 5, 6, 7, 9]
1 ====> 1488 [3, 5, 5, 6, 8, 9]
4
5
2 ====> 1489 [3, 5, 5, 6, 8, 8]
0 ====> 1490 [3, 5, 5, 6, 8, 9]
1 ====> 1491 [3, 5, 5, 6, 9, 9]
1 ====> 1492 [3, 5, 5, 7, 9, 9]
3
4
5
2 ====> 1493 [3, 5, 5, 7, 7, 7]
0 ====> 1494 [3, 5, 5, 7, 7, 8]
0 ====> 1495 [3, 5, 5, 7, 7, 9]
1 ====> 1496 [3, 5, 5, 7, 8, 9]
4
5
2 ====> 1497 [3, 5, 5, 7, 8, 8]
0 ====> 1498 [3, 5, 5, 7, 8, 9]
1 ====> 1499 [3, 5, 5, 7, 9, 9]
1 ====> 1500 [3, 5, 5, 8, 9, 9]
3
4
5
2 ====> 1501 [3, 5, 5, 8, 8, 8]
0 ====> 1502 [3, 5, 5, 8, 8, 9]
1 ====> 1503 [3, 5, 5, 8, 9, 9]
1 ====> 1504 [3, 5, 5, 9, 9, 9]
1 ====> 1505 [3, 5, 6, 9, 9, 9]
2
3
4
5
2 ====> 1506 [3, 5, 6, 6, 6, 6]
0 ====> 1507 [3, 5, 6, 6, 6, 7]
0 ====> 1508 [3, 5, 6, 6, 6, 8]
0 ====> 1509 [3, 5, 6, 6, 6, 9]
1 ====> 1510 [3, 5, 6, 6, 7, 9]
4
5
2 ====> 1511 [3, 5, 6, 6, 7, 7]
0 ====> 1512 [3, 5, 6, 6, 7, 8]
0 ====> 1513 [3, 5, 6, 6, 7, 9]
1 ====> 1514 [3, 5, 6, 6, 8, 9]
4
5
2 ====> 1515 [3, 5, 6, 6, 8, 8]
0 ====> 1516 [3, 5, 6, 6, 8, 9]
1 ====> 1517 [3, 5, 6, 6, 9, 9]
1 ====> 1518 [3, 5, 6, 7, 9, 9]
3
4
5
2 ====> 1519 [3, 5, 6, 7, 7, 7]
0 ====> 1520 [3, 5, 6, 7, 7, 8]
0 ====> 1521 [3, 5, 6, 7, 7, 9]
1 ====> 1522 [3, 5, 6, 7, 8, 9]
4
5
2 ====> 1523 [3, 5, 6, 7, 8, 8]
0 ====> 1524 [3, 5, 6, 7, 8, 9]
1 ====> 1525 [3, 5, 6, 7, 9, 9]
1 ====> 1526 [3, 5, 6, 8, 9, 9]
3
4
5
2 ====> 1527 [3, 5, 6, 8, 8, 8]
0 ====> 1528 [3, 5, 6, 8, 8, 9]
1 ====> 1529 [3, 5, 6, 8, 9, 9]
1 ====> 1530 [3, 5, 6, 9, 9, 9]
1 ====> 1531 [3, 5, 7, 9, 9, 9]
2
3
4
5
2 ====> 1532 [3, 5, 7, 7, 7, 7]
0 ====> 1533 [3, 5, 7, 7, 7, 8]
0 ====> 1534 [3, 5, 7, 7, 7, 9]
1 ====> 1535 [3, 5, 7, 7, 8, 9]
4
5
2 ====> 1536 [3, 5, 7, 7, 8, 8]
0 ====> 1537 [3, 5, 7, 7, 8, 9]
1 ====> 1538 [3, 5, 7, 7, 9, 9]
1 ====> 1539 [3, 5, 7, 8, 9, 9]
3
4
5
2 ====> 1540 [3, 5, 7, 8, 8, 8]
0 ====> 1541 [3, 5, 7, 8, 8, 9]
1 ====> 1542 [3, 5, 7, 8, 9, 9]
1 ====> 1543 [3, 5, 7, 9, 9, 9]
1 ====> 1544 [3, 5, 8, 9, 9, 9]
2
3
4
5
2 ====> 1545 [3, 5, 8, 8, 8, 8]
0 ====> 1546 [3, 5, 8, 8, 8, 9]
1 ====> 1547 [3, 5, 8, 8, 9, 9]
1 ====> 1548 [3, 5, 8, 9, 9, 9]
1 ====> 1549 [3, 5, 9, 9, 9, 9]
1 ====> 1550 [3, 6, 9, 9, 9, 9]
1
2
3
4
5
2 ====> 1551 [3, 6, 6, 6, 6, 6]
0 ====> 1552 [3, 6, 6, 6, 6, 7]
0 ====> 1553 [3, 6, 6, 6, 6, 8]
0 ====> 1554 [3, 6, 6, 6, 6, 9]
1 ====> 1555 [3, 6, 6, 6, 7, 9]
4
5
2 ====> 1556 [3, 6, 6, 6, 7, 7]
0 ====> 1557 [3, 6, 6, 6, 7, 8]
0 ====> 1558 [3, 6, 6, 6, 7, 9]
1 ====> 1559 [3, 6, 6, 6, 8, 9]
4
5
2 ====> 1560 [3, 6, 6, 6, 8, 8]
0 ====> 1561 [3, 6, 6, 6, 8, 9]
1 ====> 1562 [3, 6, 6, 6, 9, 9]
1 ====> 1563 [3, 6, 6, 7, 9, 9]
3
4
5
2 ====> 1564 [3, 6, 6, 7, 7, 7]
0 ====> 1565 [3, 6, 6, 7, 7, 8]
0 ====> 1566 [3, 6, 6, 7, 7, 9]
1 ====> 1567 [3, 6, 6, 7, 8, 9]
4
5
2 ====> 1568 [3, 6, 6, 7, 8, 8]
0 ====> 1569 [3, 6, 6, 7, 8, 9]
1 ====> 1570 [3, 6, 6, 7, 9, 9]
1 ====> 1571 [3, 6, 6, 8, 9, 9]
3
4
5
2 ====> 1572 [3, 6, 6, 8, 8, 8]
0 ====> 1573 [3, 6, 6, 8, 8, 9]
1 ====> 1574 [3, 6, 6, 8, 9, 9]
1 ====> 1575 [3, 6, 6, 9, 9, 9]
1 ====> 1576 [3, 6, 7, 9, 9, 9]
2
3
4
5
2 ====> 1577 [3, 6, 7, 7, 7, 7]
0 ====> 1578 [3, 6, 7, 7, 7, 8]
0 ====> 1579 [3, 6, 7, 7, 7, 9]
1 ====> 1580 [3, 6, 7, 7, 8, 9]
4
5
2 ====> 1581 [3, 6, 7, 7, 8, 8]
0 ====> 1582 [3, 6, 7, 7, 8, 9]
1 ====> 1583 [3, 6, 7, 7, 9, 9]
1 ====> 1584 [3, 6, 7, 8, 9, 9]
3
4
5
2 ====> 1585 [3, 6, 7, 8, 8, 8]
0 ====> 1586 [3, 6, 7, 8, 8, 9]
1 ====> 1587 [3, 6, 7, 8, 9, 9]
1 ====> 1588 [3, 6, 7, 9, 9, 9]
1 ====> 1589 [3, 6, 8, 9, 9, 9]
2
3
4
5
2 ====> 1590 [3, 6, 8, 8, 8, 8]
0 ====> 1591 [3, 6, 8, 8, 8, 9]
1 ====> 1592 [3, 6, 8, 8, 9, 9]
1 ====> 1593 [3, 6, 8, 9, 9, 9]
1 ====> 1594 [3, 6, 9, 9, 9, 9]
1 ====> 1595 [3, 7, 9, 9, 9, 9]
1
2
3
4
5
2 ====> 1596 [3, 7, 7, 7, 7, 7]
0 ====> 1597 [3, 7, 7, 7, 7, 8]
0 ====> 1598 [3, 7, 7, 7, 7, 9]
1 ====> 1599 [3, 7, 7, 7, 8, 9]
4
5
2 ====> 1600 [3, 7, 7, 7, 8, 8]
0 ====> 1601 [3, 7, 7, 7, 8, 9]
1 ====> 1602 [3, 7, 7, 7, 9, 9]
1 ====> 1603 [3, 7, 7, 8, 9, 9]
3
4
5
2 ====> 1604 [3, 7, 7, 8, 8, 8]
0 ====> 1605 [3, 7, 7, 8, 8, 9]
1 ====> 1606 [3, 7, 7, 8, 9, 9]
1 ====> 1607 [3, 7, 7, 9, 9, 9]
1 ====> 1608 [3, 7, 8, 9, 9, 9]
2
3
4
5
2 ====> 1609 [3, 7, 8, 8, 8, 8]
0 ====> 1610 [3, 7, 8, 8, 8, 9]
1 ====> 1611 [3, 7, 8, 8, 9, 9]
1 ====> 1612 [3, 7, 8, 9, 9, 9]
1 ====> 1613 [3, 7, 9, 9, 9, 9]
1 ====> 1614 [3, 8, 9, 9, 9, 9]
1
2
3
4
5
2 ====> 1615 [3, 8, 8, 8, 8, 8]
0 ====> 1616 [3, 8, 8, 8, 8, 9]
1 ====> 1617 [3, 8, 8, 8, 9, 9]
1 ====> 1618 [3, 8, 8, 9, 9, 9]
1 ====> 1619 [3, 8, 9, 9, 9, 9]
1 ====> 1620 [3, 9, 9, 9, 9, 9]
1 ====> 1621 [4, 9, 9, 9, 9, 9]
0
1
2
3
4
5
2 ====> 1622 [4, 4, 4, 4, 4, 4]
0 ====> 1623 [4, 4, 4, 4, 4, 5]
0 ====> 1624 [4, 4, 4, 4, 4, 6]
0 ====> 1625 [4, 4, 4, 4, 4, 7]
0 ====> 1626 [4, 4, 4, 4, 4, 8]
0 ====> 1627 [4, 4, 4, 4, 4, 9]
1 ====> 1628 [4, 4, 4, 4, 5, 9]
4
5
2 ====> 1629 [4, 4, 4, 4, 5, 5]
0 ====> 1630 [4, 4, 4, 4, 5, 6]
0 ====> 1631 [4, 4, 4, 4, 5, 7]
0 ====> 1632 [4, 4, 4, 4, 5, 8]
0 ====> 1633 [4, 4, 4, 4, 5, 9]
1 ====> 1634 [4, 4, 4, 4, 6, 9]
4
5
2 ====> 1635 [4, 4, 4, 4, 6, 6]
0 ====> 1636 [4, 4, 4, 4, 6, 7]
0 ====> 1637 [4, 4, 4, 4, 6, 8]
0 ====> 1638 [4, 4, 4, 4, 6, 9]
1 ====> 1639 [4, 4, 4, 4, 7, 9]
4
5
2 ====> 1640 [4, 4, 4, 4, 7, 7]
0 ====> 1641 [4, 4, 4, 4, 7, 8]
0 ====> 1642 [4, 4, 4, 4, 7, 9]
1 ====> 1643 [4, 4, 4, 4, 8, 9]
4
5
2 ====> 1644 [4, 4, 4, 4, 8, 8]
0 ====> 1645 [4, 4, 4, 4, 8, 9]
1 ====> 1646 [4, 4, 4, 4, 9, 9]
1 ====> 1647 [4, 4, 4, 5, 9, 9]
3
4
5
2 ====> 1648 [4, 4, 4, 5, 5, 5]
0 ====> 1649 [4, 4, 4, 5, 5, 6]
0 ====> 1650 [4, 4, 4, 5, 5, 7]
0 ====> 1651 [4, 4, 4, 5, 5, 8]
0 ====> 1652 [4, 4, 4, 5, 5, 9]
1 ====> 1653 [4, 4, 4, 5, 6, 9]
4
5
2 ====> 1654 [4, 4, 4, 5, 6, 6]
0 ====> 1655 [4, 4, 4, 5, 6, 7]
0 ====> 1656 [4, 4, 4, 5, 6, 8]
0 ====> 1657 [4, 4, 4, 5, 6, 9]
1 ====> 1658 [4, 4, 4, 5, 7, 9]
4
5
2 ====> 1659 [4, 4, 4, 5, 7, 7]
0 ====> 1660 [4, 4, 4, 5, 7, 8]
0 ====> 1661 [4, 4, 4, 5, 7, 9]
1 ====> 1662 [4, 4, 4, 5, 8, 9]
4
5
2 ====> 1663 [4, 4, 4, 5, 8, 8]
0 ====> 1664 [4, 4, 4, 5, 8, 9]
1 ====> 1665 [4, 4, 4, 5, 9, 9]
1 ====> 1666 [4, 4, 4, 6, 9, 9]
3
4
5
2 ====> 1667 [4, 4, 4, 6, 6, 6]
0 ====> 1668 [4, 4, 4, 6, 6, 7]
0 ====> 1669 [4, 4, 4, 6, 6, 8]
0 ====> 1670 [4, 4, 4, 6, 6, 9]
1 ====> 1671 [4, 4, 4, 6, 7, 9]
4
5
2 ====> 1672 [4, 4, 4, 6, 7, 7]
0 ====> 1673 [4, 4, 4, 6, 7, 8]
0 ====> 1674 [4, 4, 4, 6, 7, 9]
1 ====> 1675 [4, 4, 4, 6, 8, 9]
4
5
2 ====> 1676 [4, 4, 4, 6, 8, 8]
0 ====> 1677 [4, 4, 4, 6, 8, 9]
1 ====> 1678 [4, 4, 4, 6, 9, 9]
1 ====> 1679 [4, 4, 4, 7, 9, 9]
3
4
5
2 ====> 1680 [4, 4, 4, 7, 7, 7]
0 ====> 1681 [4, 4, 4, 7, 7, 8]
0 ====> 1682 [4, 4, 4, 7, 7, 9]
1 ====> 1683 [4, 4, 4, 7, 8, 9]
4
5
2 ====> 1684 [4, 4, 4, 7, 8, 8]
0 ====> 1685 [4, 4, 4, 7, 8, 9]
1 ====> 1686 [4, 4, 4, 7, 9, 9]
1 ====> 1687 [4, 4, 4, 8, 9, 9]
3
4
5
2 ====> 1688 [4, 4, 4, 8, 8, 8]
0 ====> 1689 [4, 4, 4, 8, 8, 9]
1 ====> 1690 [4, 4, 4, 8, 9, 9]
1 ====> 1691 [4, 4, 4, 9, 9, 9]
1 ====> 1692 [4, 4, 5, 9, 9, 9]
2
3
4
5
2 ====> 1693 [4, 4, 5, 5, 5, 5]
0 ====> 1694 [4, 4, 5, 5, 5, 6]
0 ====> 1695 [4, 4, 5, 5, 5, 7]
0 ====> 1696 [4, 4, 5, 5, 5, 8]
0 ====> 1697 [4, 4, 5, 5, 5, 9]
1 ====> 1698 [4, 4, 5, 5, 6, 9]
4
5
2 ====> 1699 [4, 4, 5, 5, 6, 6]
0 ====> 1700 [4, 4, 5, 5, 6, 7]
0 ====> 1701 [4, 4, 5, 5, 6, 8]
0 ====> 1702 [4, 4, 5, 5, 6, 9]
1 ====> 1703 [4, 4, 5, 5, 7, 9]
4
5
2 ====> 1704 [4, 4, 5, 5, 7, 7]
0 ====> 1705 [4, 4, 5, 5, 7, 8]
0 ====> 1706 [4, 4, 5, 5, 7, 9]
1 ====> 1707 [4, 4, 5, 5, 8, 9]
4
5
2 ====> 1708 [4, 4, 5, 5, 8, 8]
0 ====> 1709 [4, 4, 5, 5, 8, 9]
1 ====> 1710 [4, 4, 5, 5, 9, 9]
1 ====> 1711 [4, 4, 5, 6, 9, 9]
3
4
5
2 ====> 1712 [4, 4, 5, 6, 6, 6]
0 ====> 1713 [4, 4, 5, 6, 6, 7]
0 ====> 1714 [4, 4, 5, 6, 6, 8]
0 ====> 1715 [4, 4, 5, 6, 6, 9]
1 ====> 1716 [4, 4, 5, 6, 7, 9]
4
5
2 ====> 1717 [4, 4, 5, 6, 7, 7]
0 ====> 1718 [4, 4, 5, 6, 7, 8]
0 ====> 1719 [4, 4, 5, 6, 7, 9]
1 ====> 1720 [4, 4, 5, 6, 8, 9]
4
5
2 ====> 1721 [4, 4, 5, 6, 8, 8]
0 ====> 1722 [4, 4, 5, 6, 8, 9]
1 ====> 1723 [4, 4, 5, 6, 9, 9]
1 ====> 1724 [4, 4, 5, 7, 9, 9]
3
4
5
2 ====> 1725 [4, 4, 5, 7, 7, 7]
0 ====> 1726 [4, 4, 5, 7, 7, 8]
0 ====> 1727 [4, 4, 5, 7, 7, 9]
1 ====> 1728 [4, 4, 5, 7, 8, 9]
4
5
2 ====> 1729 [4, 4, 5, 7, 8, 8]
0 ====> 1730 [4, 4, 5, 7, 8, 9]
1 ====> 1731 [4, 4, 5, 7, 9, 9]
1 ====> 1732 [4, 4, 5, 8, 9, 9]
3
4
5
2 ====> 1733 [4, 4, 5, 8, 8, 8]
0 ====> 1734 [4, 4, 5, 8, 8, 9]
1 ====> 1735 [4, 4, 5, 8, 9, 9]
1 ====> 1736 [4, 4, 5, 9, 9, 9]
1 ====> 1737 [4, 4, 6, 9, 9, 9]
2
3
4
5
2 ====> 1738 [4, 4, 6, 6, 6, 6]
0 ====> 1739 [4, 4, 6, 6, 6, 7]
0 ====> 1740 [4, 4, 6, 6, 6, 8]
0 ====> 1741 [4, 4, 6, 6, 6, 9]
1 ====> 1742 [4, 4, 6, 6, 7, 9]
4
5
2 ====> 1743 [4, 4, 6, 6, 7, 7]
0 ====> 1744 [4, 4, 6, 6, 7, 8]
0 ====> 1745 [4, 4, 6, 6, 7, 9]
1 ====> 1746 [4, 4, 6, 6, 8, 9]
4
5
2 ====> 1747 [4, 4, 6, 6, 8, 8]
0 ====> 1748 [4, 4, 6, 6, 8, 9]
1 ====> 1749 [4, 4, 6, 6, 9, 9]
1 ====> 1750 [4, 4, 6, 7, 9, 9]
3
4
5
2 ====> 1751 [4, 4, 6, 7, 7, 7]
0 ====> 1752 [4, 4, 6, 7, 7, 8]
0 ====> 1753 [4, 4, 6, 7, 7, 9]
1 ====> 1754 [4, 4, 6, 7, 8, 9]
4
5
2 ====> 1755 [4, 4, 6, 7, 8, 8]
0 ====> 1756 [4, 4, 6, 7, 8, 9]
1 ====> 1757 [4, 4, 6, 7, 9, 9]
1 ====> 1758 [4, 4, 6, 8, 9, 9]
3
4
5
2 ====> 1759 [4, 4, 6, 8, 8, 8]
0 ====> 1760 [4, 4, 6, 8, 8, 9]
1 ====> 1761 [4, 4, 6, 8, 9, 9]
1 ====> 1762 [4, 4, 6, 9, 9, 9]
1 ====> 1763 [4, 4, 7, 9, 9, 9]
2
3
4
5
2 ====> 1764 [4, 4, 7, 7, 7, 7]
0 ====> 1765 [4, 4, 7, 7, 7, 8]
0 ====> 1766 [4, 4, 7, 7, 7, 9]
1 ====> 1767 [4, 4, 7, 7, 8, 9]
4
5
2 ====> 1768 [4, 4, 7, 7, 8, 8]
0 ====> 1769 [4, 4, 7, 7, 8, 9]
1 ====> 1770 [4, 4, 7, 7, 9, 9]
1 ====> 1771 [4, 4, 7, 8, 9, 9]
3
4
5
2 ====> 1772 [4, 4, 7, 8, 8, 8]
0 ====> 1773 [4, 4, 7, 8, 8, 9]
1 ====> 1774 [4, 4, 7, 8, 9, 9]
1 ====> 1775 [4, 4, 7, 9, 9, 9]
1 ====> 1776 [4, 4, 8, 9, 9, 9]
2
3
4
5
2 ====> 1777 [4, 4, 8, 8, 8, 8]
0 ====> 1778 [4, 4, 8, 8, 8, 9]
1 ====> 1779 [4, 4, 8, 8, 9, 9]
1 ====> 1780 [4, 4, 8, 9, 9, 9]
1 ====> 1781 [4, 4, 9, 9, 9, 9]
1 ====> 1782 [4, 5, 9, 9, 9, 9]
1
2
3
4
5
2 ====> 1783 [4, 5, 5, 5, 5, 5]
0 ====> 1784 [4, 5, 5, 5, 5, 6]
0 ====> 1785 [4, 5, 5, 5, 5, 7]
0 ====> 1786 [4, 5, 5, 5, 5, 8]
0 ====> 1787 [4, 5, 5, 5, 5, 9]
1 ====> 1788 [4, 5, 5, 5, 6, 9]
4
5
2 ====> 1789 [4, 5, 5, 5, 6, 6]
0 ====> 1790 [4, 5, 5, 5, 6, 7]
0 ====> 1791 [4, 5, 5, 5, 6, 8]
0 ====> 1792 [4, 5, 5, 5, 6, 9]
1 ====> 1793 [4, 5, 5, 5, 7, 9]
4
5
2 ====> 1794 [4, 5, 5, 5, 7, 7]
0 ====> 1795 [4, 5, 5, 5, 7, 8]
0 ====> 1796 [4, 5, 5, 5, 7, 9]
1 ====> 1797 [4, 5, 5, 5, 8, 9]
4
5
2 ====> 1798 [4, 5, 5, 5, 8, 8]
0 ====> 1799 [4, 5, 5, 5, 8, 9]
1 ====> 1800 [4, 5, 5, 5, 9, 9]
1 ====> 1801 [4, 5, 5, 6, 9, 9]
3
4
5
2 ====> 1802 [4, 5, 5, 6, 6, 6]
0 ====> 1803 [4, 5, 5, 6, 6, 7]
0 ====> 1804 [4, 5, 5, 6, 6, 8]
0 ====> 1805 [4, 5, 5, 6, 6, 9]
1 ====> 1806 [4, 5, 5, 6, 7, 9]
4
5
2 ====> 1807 [4, 5, 5, 6, 7, 7]
0 ====> 1808 [4, 5, 5, 6, 7, 8]
0 ====> 1809 [4, 5, 5, 6, 7, 9]
1 ====> 1810 [4, 5, 5, 6, 8, 9]
4
5
2 ====> 1811 [4, 5, 5, 6, 8, 8]
0 ====> 1812 [4, 5, 5, 6, 8, 9]
1 ====> 1813 [4, 5, 5, 6, 9, 9]
1 ====> 1814 [4, 5, 5, 7, 9, 9]
3
4
5
2 ====> 1815 [4, 5, 5, 7, 7, 7]
0 ====> 1816 [4, 5, 5, 7, 7, 8]
0 ====> 1817 [4, 5, 5, 7, 7, 9]
1 ====> 1818 [4, 5, 5, 7, 8, 9]
4
5
2 ====> 1819 [4, 5, 5, 7, 8, 8]
0 ====> 1820 [4, 5, 5, 7, 8, 9]
1 ====> 1821 [4, 5, 5, 7, 9, 9]
1 ====> 1822 [4, 5, 5, 8, 9, 9]
3
4
5
2 ====> 1823 [4, 5, 5, 8, 8, 8]
0 ====> 1824 [4, 5, 5, 8, 8, 9]
1 ====> 1825 [4, 5, 5, 8, 9, 9]
1 ====> 1826 [4, 5, 5, 9, 9, 9]
1 ====> 1827 [4, 5, 6, 9, 9, 9]
2
3
4
5
2 ====> 1828 [4, 5, 6, 6, 6, 6]
0 ====> 1829 [4, 5, 6, 6, 6, 7]
0 ====> 1830 [4, 5, 6, 6, 6, 8]
0 ====> 1831 [4, 5, 6, 6, 6, 9]
1 ====> 1832 [4, 5, 6, 6, 7, 9]
4
5
2 ====> 1833 [4, 5, 6, 6, 7, 7]
0 ====> 1834 [4, 5, 6, 6, 7, 8]
0 ====> 1835 [4, 5, 6, 6, 7, 9]
1 ====> 1836 [4, 5, 6, 6, 8, 9]
4
5
2 ====> 1837 [4, 5, 6, 6, 8, 8]
0 ====> 1838 [4, 5, 6, 6, 8, 9]
1 ====> 1839 [4, 5, 6, 6, 9, 9]
1 ====> 1840 [4, 5, 6, 7, 9, 9]
3
4
5
2 ====> 1841 [4, 5, 6, 7, 7, 7]
0 ====> 1842 [4, 5, 6, 7, 7, 8]
0 ====> 1843 [4, 5, 6, 7, 7, 9]
1 ====> 1844 [4, 5, 6, 7, 8, 9]
4
5
2 ====> 1845 [4, 5, 6, 7, 8, 8]
0 ====> 1846 [4, 5, 6, 7, 8, 9]
1 ====> 1847 [4, 5, 6, 7, 9, 9]
1 ====> 1848 [4, 5, 6, 8, 9, 9]
3
4
5
2 ====> 1849 [4, 5, 6, 8, 8, 8]
0 ====> 1850 [4, 5, 6, 8, 8, 9]
1 ====> 1851 [4, 5, 6, 8, 9, 9]
1 ====> 1852 [4, 5, 6, 9, 9, 9]
1 ====> 1853 [4, 5, 7, 9, 9, 9]
2
3
4
5
2 ====> 1854 [4, 5, 7, 7, 7, 7]
0 ====> 1855 [4, 5, 7, 7, 7, 8]
0 ====> 1856 [4, 5, 7, 7, 7, 9]
1 ====> 1857 [4, 5, 7, 7, 8, 9]
4
5
2 ====> 1858 [4, 5, 7, 7, 8, 8]
0 ====> 1859 [4, 5, 7, 7, 8, 9]
1 ====> 1860 [4, 5, 7, 7, 9, 9]
1 ====> 1861 [4, 5, 7, 8, 9, 9]
3
4
5
2 ====> 1862 [4, 5, 7, 8, 8, 8]
0 ====> 1863 [4, 5, 7, 8, 8, 9]
1 ====> 1864 [4, 5, 7, 8, 9, 9]
1 ====> 1865 [4, 5, 7, 9, 9, 9]
1 ====> 1866 [4, 5, 8, 9, 9, 9]
2
3
4
5
2 ====> 1867 [4, 5, 8, 8, 8, 8]
0 ====> 1868 [4, 5, 8, 8, 8, 9]
1 ====> 1869 [4, 5, 8, 8, 9, 9]
1 ====> 1870 [4, 5, 8, 9, 9, 9]
1 ====> 1871 [4, 5, 9, 9, 9, 9]
1 ====> 1872 [4, 6, 9, 9, 9, 9]
1
2
3
4
5
2 ====> 1873 [4, 6, 6, 6, 6, 6]
0 ====> 1874 [4, 6, 6, 6, 6, 7]
0 ====> 1875 [4, 6, 6, 6, 6, 8]
0 ====> 1876 [4, 6, 6, 6, 6, 9]
1 ====> 1877 [4, 6, 6, 6, 7, 9]
4
5
2 ====> 1878 [4, 6, 6, 6, 7, 7]
0 ====> 1879 [4, 6, 6, 6, 7, 8]
0 ====> 1880 [4, 6, 6, 6, 7, 9]
1 ====> 1881 [4, 6, 6, 6, 8, 9]
4
5
2 ====> 1882 [4, 6, 6, 6, 8, 8]
0 ====> 1883 [4, 6, 6, 6, 8, 9]
1 ====> 1884 [4, 6, 6, 6, 9, 9]
1 ====> 1885 [4, 6, 6, 7, 9, 9]
3
4
5
2 ====> 1886 [4, 6, 6, 7, 7, 7]
0 ====> 1887 [4, 6, 6, 7, 7, 8]
0 ====> 1888 [4, 6, 6, 7, 7, 9]
1 ====> 1889 [4, 6, 6, 7, 8, 9]
4
5
2 ====> 1890 [4, 6, 6, 7, 8, 8]
0 ====> 1891 [4, 6, 6, 7, 8, 9]
1 ====> 1892 [4, 6, 6, 7, 9, 9]
1 ====> 1893 [4, 6, 6, 8, 9, 9]
3
4
5
2 ====> 1894 [4, 6, 6, 8, 8, 8]
0 ====> 1895 [4, 6, 6, 8, 8, 9]
1 ====> 1896 [4, 6, 6, 8, 9, 9]
1 ====> 1897 [4, 6, 6, 9, 9, 9]
1 ====> 1898 [4, 6, 7, 9, 9, 9]
2
3
4
5
2 ====> 1899 [4, 6, 7, 7, 7, 7]
0 ====> 1900 [4, 6, 7, 7, 7, 8]
0 ====> 1901 [4, 6, 7, 7, 7, 9]
1 ====> 1902 [4, 6, 7, 7, 8, 9]
4
5
2 ====> 1903 [4, 6, 7, 7, 8, 8]
0 ====> 1904 [4, 6, 7, 7, 8, 9]
1 ====> 1905 [4, 6, 7, 7, 9, 9]
1 ====> 1906 [4, 6, 7, 8, 9, 9]
3
4
5
2 ====> 1907 [4, 6, 7, 8, 8, 8]
0 ====> 1908 [4, 6, 7, 8, 8, 9]
1 ====> 1909 [4, 6, 7, 8, 9, 9]
1 ====> 1910 [4, 6, 7, 9, 9, 9]
1 ====> 1911 [4, 6, 8, 9, 9, 9]
2
3
4
5
2 ====> 1912 [4, 6, 8, 8, 8, 8]
0 ====> 1913 [4, 6, 8, 8, 8, 9]
1 ====> 1914 [4, 6, 8, 8, 9, 9]
1 ====> 1915 [4, 6, 8, 9, 9, 9]
1 ====> 1916 [4, 6, 9, 9, 9, 9]
1 ====> 1917 [4, 7, 9, 9, 9, 9]
1
2
3
4
5
2 ====> 1918 [4, 7, 7, 7, 7, 7]
0 ====> 1919 [4, 7, 7, 7, 7, 8]
0 ====> 1920 [4, 7, 7, 7, 7, 9]
1 ====> 1921 [4, 7, 7, 7, 8, 9]
4
5
2 ====> 1922 [4, 7, 7, 7, 8, 8]
0 ====> 1923 [4, 7, 7, 7, 8, 9]
1 ====> 1924 [4, 7, 7, 7, 9, 9]
1 ====> 1925 [4, 7, 7, 8, 9, 9]
3
4
5
2 ====> 1926 [4, 7, 7, 8, 8, 8]
0 ====> 1927 [4, 7, 7, 8, 8, 9]
1 ====> 1928 [4, 7, 7, 8, 9, 9]
1 ====> 1929 [4, 7, 7, 9, 9, 9]
1 ====> 1930 [4, 7, 8, 9, 9, 9]
2
3
4
5
2 ====> 1931 [4, 7, 8, 8, 8, 8]
0 ====> 1932 [4, 7, 8, 8, 8, 9]
1 ====> 1933 [4, 7, 8, 8, 9, 9]
1 ====> 1934 [4, 7, 8, 9, 9, 9]
1 ====> 1935 [4, 7, 9, 9, 9, 9]
1 ====> 1936 [4, 8, 9, 9, 9, 9]
1
2
3
4
5
2 ====> 1937 [4, 8, 8, 8, 8, 8]
0 ====> 1938 [4, 8, 8, 8, 8, 9]
1 ====> 1939 [4, 8, 8, 8, 9, 9]
1 ====> 1940 [4, 8, 8, 9, 9, 9]
1 ====> 1941 [4, 8, 9, 9, 9, 9]
1 ====> 1942 [4, 9, 9, 9, 9, 9]
1 ====> 1943 [5, 9, 9, 9, 9, 9]
0
1
2
3
4
5
2 ====> 1944 [5, 5, 5, 5, 5, 5]
0 ====> 1945 [5, 5, 5, 5, 5, 6]
0 ====> 1946 [5, 5, 5, 5, 5, 7]
0 ====> 1947 [5, 5, 5, 5, 5, 8]
0 ====> 1948 [5, 5, 5, 5, 5, 9]
1 ====> 1949 [5, 5, 5, 5, 6, 9]
4
5
2 ====> 1950 [5, 5, 5, 5, 6, 6]
0 ====> 1951 [5, 5, 5, 5, 6, 7]
0 ====> 1952 [5, 5, 5, 5, 6, 8]
0 ====> 1953 [5, 5, 5, 5, 6, 9]
1 ====> 1954 [5, 5, 5, 5, 7, 9]
4
5
2 ====> 1955 [5, 5, 5, 5, 7, 7]
0 ====> 1956 [5, 5, 5, 5, 7, 8]
0 ====> 1957 [5, 5, 5, 5, 7, 9]
1 ====> 1958 [5, 5, 5, 5, 8, 9]
4
5
2 ====> 1959 [5, 5, 5, 5, 8, 8]
0 ====> 1960 [5, 5, 5, 5, 8, 9]
1 ====> 1961 [5, 5, 5, 5, 9, 9]
1 ====> 1962 [5, 5, 5, 6, 9, 9]
3
4
5
2 ====> 1963 [5, 5, 5, 6, 6, 6]
0 ====> 1964 [5, 5, 5, 6, 6, 7]
0 ====> 1965 [5, 5, 5, 6, 6, 8]
0 ====> 1966 [5, 5, 5, 6, 6, 9]
1 ====> 1967 [5, 5, 5, 6, 7, 9]
4
5
2 ====> 1968 [5, 5, 5, 6, 7, 7]
0 ====> 1969 [5, 5, 5, 6, 7, 8]
0 ====> 1970 [5, 5, 5, 6, 7, 9]
1 ====> 1971 [5, 5, 5, 6, 8, 9]
4
5
2 ====> 1972 [5, 5, 5, 6, 8, 8]
0 ====> 1973 [5, 5, 5, 6, 8, 9]
1 ====> 1974 [5, 5, 5, 6, 9, 9]
1 ====> 1975 [5, 5, 5, 7, 9, 9]
3
4
5
2 ====> 1976 [5, 5, 5, 7, 7, 7]
0 ====> 1977 [5, 5, 5, 7, 7, 8]
0 ====> 1978 [5, 5, 5, 7, 7, 9]
1 ====> 1979 [5, 5, 5, 7, 8, 9]
4
5
2 ====> 1980 [5, 5, 5, 7, 8, 8]
0 ====> 1981 [5, 5, 5, 7, 8, 9]
1 ====> 1982 [5, 5, 5, 7, 9, 9]
1 ====> 1983 [5, 5, 5, 8, 9, 9]
3
4
5
2 ====> 1984 [5, 5, 5, 8, 8, 8]
0 ====> 1985 [5, 5, 5, 8, 8, 9]
1 ====> 1986 [5, 5, 5, 8, 9, 9]
1 ====> 1987 [5, 5, 5, 9, 9, 9]
1 ====> 1988 [5, 5, 6, 9, 9, 9]
2
3
4
5
2 ====> 1989 [5, 5, 6, 6, 6, 6]
0 ====> 1990 [5, 5, 6, 6, 6, 7]
0 ====> 1991 [5, 5, 6, 6, 6, 8]
0 ====> 1992 [5, 5, 6, 6, 6, 9]
1 ====> 1993 [5, 5, 6, 6, 7, 9]
4
5
2 ====> 1994 [5, 5, 6, 6, 7, 7]
0 ====> 1995 [5, 5, 6, 6, 7, 8]
0 ====> 1996 [5, 5, 6, 6, 7, 9]
1 ====> 1997 [5, 5, 6, 6, 8, 9]
4
5
2 ====> 1998 [5, 5, 6, 6, 8, 8]
0 ====> 1999 [5, 5, 6, 6, 8, 9]
1 ====> 2000 [5, 5, 6, 6, 9, 9]
1 ====> 2001 [5, 5, 6, 7, 9, 9]
3
4
5
2 ====> 2002 [5, 5, 6, 7, 7, 7]
0 ====> 2003 [5, 5, 6, 7, 7, 8]
0 ====> 2004 [5, 5, 6, 7, 7, 9]
1 ====> 2005 [5, 5, 6, 7, 8, 9]
4
5
2 ====> 2006 [5, 5, 6, 7, 8, 8]
0 ====> 2007 [5, 5, 6, 7, 8, 9]
1 ====> 2008 [5, 5, 6, 7, 9, 9]
1 ====> 2009 [5, 5, 6, 8, 9, 9]
3
4
5
2 ====> 2010 [5, 5, 6, 8, 8, 8]
0 ====> 2011 [5, 5, 6, 8, 8, 9]
1 ====> 2012 [5, 5, 6, 8, 9, 9]
1 ====> 2013 [5, 5, 6, 9, 9, 9]
1 ====> 2014 [5, 5, 7, 9, 9, 9]
2
3
4
5
2 ====> 2015 [5, 5, 7, 7, 7, 7]
0 ====> 2016 [5, 5, 7, 7, 7, 8]
0 ====> 2017 [5, 5, 7, 7, 7, 9]
1 ====> 2018 [5, 5, 7, 7, 8, 9]
4
5
2 ====> 2019 [5, 5, 7, 7, 8, 8]
0 ====> 2020 [5, 5, 7, 7, 8, 9]
1 ====> 2021 [5, 5, 7, 7, 9, 9]
1 ====> 2022 [5, 5, 7, 8, 9, 9]
3
4
5
2 ====> 2023 [5, 5, 7, 8, 8, 8]
0 ====> 2024 [5, 5, 7, 8, 8, 9]
1 ====> 2025 [5, 5, 7, 8, 9, 9]
1 ====> 2026 [5, 5, 7, 9, 9, 9]
1 ====> 2027 [5, 5, 8, 9, 9, 9]
2
3
4
5
2 ====> 2028 [5, 5, 8, 8, 8, 8]
0 ====> 2029 [5, 5, 8, 8, 8, 9]
1 ====> 2030 [5, 5, 8, 8, 9, 9]
1 ====> 2031 [5, 5, 8, 9, 9, 9]
1 ====> 2032 [5, 5, 9, 9, 9, 9]
1 ====> 2033 [5, 6, 9, 9, 9, 9]
1
2
3
4
5
2 ====> 2034 [5, 6, 6, 6, 6, 6]
0 ====> 2035 [5, 6, 6, 6, 6, 7]
0 ====> 2036 [5, 6, 6, 6, 6, 8]
0 ====> 2037 [5, 6, 6, 6, 6, 9]
1 ====> 2038 [5, 6, 6, 6, 7, 9]
4
5
2 ====> 2039 [5, 6, 6, 6, 7, 7]
0 ====> 2040 [5, 6, 6, 6, 7, 8]
0 ====> 2041 [5, 6, 6, 6, 7, 9]
1 ====> 2042 [5, 6, 6, 6, 8, 9]
4
5
2 ====> 2043 [5, 6, 6, 6, 8, 8]
0 ====> 2044 [5, 6, 6, 6, 8, 9]
1 ====> 2045 [5, 6, 6, 6, 9, 9]
1 ====> 2046 [5, 6, 6, 7, 9, 9]
3
4
5
2 ====> 2047 [5, 6, 6, 7, 7, 7]
0 ====> 2048 [5, 6, 6, 7, 7, 8]
0 ====> 2049 [5, 6, 6, 7, 7, 9]
1 ====> 2050 [5, 6, 6, 7, 8, 9]
4
5
2 ====> 2051 [5, 6, 6, 7, 8, 8]
0 ====> 2052 [5, 6, 6, 7, 8, 9]
1 ====> 2053 [5, 6, 6, 7, 9, 9]
1 ====> 2054 [5, 6, 6, 8, 9, 9]
3
4
5
2 ====> 2055 [5, 6, 6, 8, 8, 8]
0 ====> 2056 [5, 6, 6, 8, 8, 9]
1 ====> 2057 [5, 6, 6, 8, 9, 9]
1 ====> 2058 [5, 6, 6, 9, 9, 9]
1 ====> 2059 [5, 6, 7, 9, 9, 9]
2
3
4
5
2 ====> 2060 [5, 6, 7, 7, 7, 7]
0 ====> 2061 [5, 6, 7, 7, 7, 8]
0 ====> 2062 [5, 6, 7, 7, 7, 9]
1 ====> 2063 [5, 6, 7, 7, 8, 9]
4
5
2 ====> 2064 [5, 6, 7, 7, 8, 8]
0 ====> 2065 [5, 6, 7, 7, 8, 9]
1 ====> 2066 [5, 6, 7, 7, 9, 9]
1 ====> 2067 [5, 6, 7, 8, 9, 9]
3
4
5
2 ====> 2068 [5, 6, 7, 8, 8, 8]
0 ====> 2069 [5, 6, 7, 8, 8, 9]
1 ====> 2070 [5, 6, 7, 8, 9, 9]
1 ====> 2071 [5, 6, 7, 9, 9, 9]
1 ====> 2072 [5, 6, 8, 9, 9, 9]
2
3
4
5
2 ====> 2073 [5, 6, 8, 8, 8, 8]
0 ====> 2074 [5, 6, 8, 8, 8, 9]
1 ====> 2075 [5, 6, 8, 8, 9, 9]
1 ====> 2076 [5, 6, 8, 9, 9, 9]
1 ====> 2077 [5, 6, 9, 9, 9, 9]
1 ====> 2078 [5, 7, 9, 9, 9, 9]
1
2
3
4
5
2 ====> 2079 [5, 7, 7, 7, 7, 7]
0 ====> 2080 [5, 7, 7, 7, 7, 8]
0 ====> 2081 [5, 7, 7, 7, 7, 9]
1 ====> 2082 [5, 7, 7, 7, 8, 9]
4
5
2 ====> 2083 [5, 7, 7, 7, 8, 8]
0 ====> 2084 [5, 7, 7, 7, 8, 9]
1 ====> 2085 [5, 7, 7, 7, 9, 9]
1 ====> 2086 [5, 7, 7, 8, 9, 9]
3
4
5
2 ====> 2087 [5, 7, 7, 8, 8, 8]
0 ====> 2088 [5, 7, 7, 8, 8, 9]
1 ====> 2089 [5, 7, 7, 8, 9, 9]
1 ====> 2090 [5, 7, 7, 9, 9, 9]
1 ====> 2091 [5, 7, 8, 9, 9, 9]
2
3
4
5
2 ====> 2092 [5, 7, 8, 8, 8, 8]
0 ====> 2093 [5, 7, 8, 8, 8, 9]
1 ====> 2094 [5, 7, 8, 8, 9, 9]
1 ====> 2095 [5, 7, 8, 9, 9, 9]
1 ====> 2096 [5, 7, 9, 9, 9, 9]
1 ====> 2097 [5, 8, 9, 9, 9, 9]
1
2
3
4
5
2 ====> 2098 [5, 8, 8, 8, 8, 8]
0 ====> 2099 [5, 8, 8, 8, 8, 9]
1 ====> 2100 [5, 8, 8, 8, 9, 9]
1 ====> 2101 [5, 8, 8, 9, 9, 9]
1 ====> 2102 [5, 8, 9, 9, 9, 9]
1 ====> 2103 [5, 9, 9, 9, 9, 9]
1 ====> 2104 [6, 9, 9, 9, 9, 9]
0
1
2
3
4
5
2 ====> 2105 [6, 6, 6, 6, 6, 6]
0 ====> 2106 [6, 6, 6, 6, 6, 7]
0 ====> 2107 [6, 6, 6, 6, 6, 8]
0 ====> 2108 [6, 6, 6, 6, 6, 9]
1 ====> 2109 [6, 6, 6, 6, 7, 9]
4
5
2 ====> 2110 [6, 6, 6, 6, 7, 7]
0 ====> 2111 [6, 6, 6, 6, 7, 8]
0 ====> 2112 [6, 6, 6, 6, 7, 9]
1 ====> 2113 [6, 6, 6, 6, 8, 9]
4
5
2 ====> 2114 [6, 6, 6, 6, 8, 8]
0 ====> 2115 [6, 6, 6, 6, 8, 9]
1 ====> 2116 [6, 6, 6, 6, 9, 9]
1 ====> 2117 [6, 6, 6, 7, 9, 9]
3
4
5
2 ====> 2118 [6, 6, 6, 7, 7, 7]
0 ====> 2119 [6, 6, 6, 7, 7, 8]
0 ====> 2120 [6, 6, 6, 7, 7, 9]
1 ====> 2121 [6, 6, 6, 7, 8, 9]
4
5
2 ====> 2122 [6, 6, 6, 7, 8, 8]
0 ====> 2123 [6, 6, 6, 7, 8, 9]
1 ====> 2124 [6, 6, 6, 7, 9, 9]
1 ====> 2125 [6, 6, 6, 8, 9, 9]
3
4
5
2 ====> 2126 [6, 6, 6, 8, 8, 8]
0 ====> 2127 [6, 6, 6, 8, 8, 9]
1 ====> 2128 [6, 6, 6, 8, 9, 9]
1 ====> 2129 [6, 6, 6, 9, 9, 9]
1 ====> 2130 [6, 6, 7, 9, 9, 9]
2
3
4
5
2 ====> 2131 [6, 6, 7, 7, 7, 7]
0 ====> 2132 [6, 6, 7, 7, 7, 8]
0 ====> 2133 [6, 6, 7, 7, 7, 9]
1 ====> 2134 [6, 6, 7, 7, 8, 9]
4
5
2 ====> 2135 [6, 6, 7, 7, 8, 8]
0 ====> 2136 [6, 6, 7, 7, 8, 9]
1 ====> 2137 [6, 6, 7, 7, 9, 9]
1 ====> 2138 [6, 6, 7, 8, 9, 9]
3
4
5
2 ====> 2139 [6, 6, 7, 8, 8, 8]
0 ====> 2140 [6, 6, 7, 8, 8, 9]
1 ====> 2141 [6, 6, 7, 8, 9, 9]
1 ====> 2142 [6, 6, 7, 9, 9, 9]
1 ====> 2143 [6, 6, 8, 9, 9, 9]
2
3
4
5
2 ====> 2144 [6, 6, 8, 8, 8, 8]
0 ====> 2145 [6, 6, 8, 8, 8, 9]
1 ====> 2146 [6, 6, 8, 8, 9, 9]
1 ====> 2147 [6, 6, 8, 9, 9, 9]
1 ====> 2148 [6, 6, 9, 9, 9, 9]
1 ====> 2149 [6, 7, 9, 9, 9, 9]
1
2
3
4
5
2 ====> 2150 [6, 7, 7, 7, 7, 7]
0 ====> 2151 [6, 7, 7, 7, 7, 8]
0 ====> 2152 [6, 7, 7, 7, 7, 9]
1 ====> 2153 [6, 7, 7, 7, 8, 9]
4
5
2 ====> 2154 [6, 7, 7, 7, 8, 8]
0 ====> 2155 [6, 7, 7, 7, 8, 9]
1 ====> 2156 [6, 7, 7, 7, 9, 9]
1 ====> 2157 [6, 7, 7, 8, 9, 9]
3
4
5
2 ====> 2158 [6, 7, 7, 8, 8, 8]
0 ====> 2159 [6, 7, 7, 8, 8, 9]
1 ====> 2160 [6, 7, 7, 8, 9, 9]
1 ====> 2161 [6, 7, 7, 9, 9, 9]
1 ====> 2162 [6, 7, 8, 9, 9, 9]
2
3
4
5
2 ====> 2163 [6, 7, 8, 8, 8, 8]
0 ====> 2164 [6, 7, 8, 8, 8, 9]
1 ====> 2165 [6, 7, 8, 8, 9, 9]
1 ====> 2166 [6, 7, 8, 9, 9, 9]
1 ====> 2167 [6, 7, 9, 9, 9, 9]
1 ====> 2168 [6, 8, 9, 9, 9, 9]
1
2
3
4
5
2 ====> 2169 [6, 8, 8, 8, 8, 8]
0 ====> 2170 [6, 8, 8, 8, 8, 9]
1 ====> 2171 [6, 8, 8, 8, 9, 9]
1 ====> 2172 [6, 8, 8, 9, 9, 9]
1 ====> 2173 [6, 8, 9, 9, 9, 9]
1 ====> 2174 [6, 9, 9, 9, 9, 9]
1 ====> 2175 [7, 9, 9, 9, 9, 9]
0
1
2
3
4
5
2 ====> 2176 [7, 7, 7, 7, 7, 7]
2176
